CCDOps Exported Profile Report
Image: C:\Users\George Brown\Desktop\AMJ-zeeman\WithB\180\10_1501B.FIT
Average of Rows 250 through 262
Column	Value (ADU)
1	6458
2	5492
3	4699
4	4882
5	5787
6	5915
7	5363
8	4296
9	3084
10	2430
11	2148
12	1862
13	1736
14	1658
15	1669
16	1832
17	1883
18	1878
19	1878
20	1877
21	1838
22	1803
23	1955
24	2504
25	3494
26	5104
27	6281
28	5719
29	4731
30	4486
31	5164
32	6279
33	6089
34	5229
35	4028
36	2862
37	2375
38	2124
39	1867
40	1760
41	1669
42	1664
43	1777
44	2023
45	1951
46	1896
47	1876
48	1868
49	1814
50	1784
51	1962
52	2521
53	3493
54	5096
55	6533
56	6299
57	5274
58	4606
59	4815
60	5952
61	6330
62	6229
63	5277
64	4086
65	2936
66	2400
67	2202
68	1900
69	1776
70	1684
71	1642
72	1678
73	1866
74	1954
75	1968
76	1945
77	1940
78	1910
79	1863
80	1796
81	1829
82	2158
83	2865
84	3980
85	5689
86	7028
87	6690
88	5586
89	4742
90	4818
91	5589
92	6920
93	7052
94	6322
95	5370
96	4116
97	2985
98	2449
99	2317
100	2002
101	1808
102	1735
103	1652
104	1637
105	1658
106	1904
107	2052
108	2046
109	1957
110	1982
111	1976
112	1940
113	1873
114	1794
115	1848
116	2148
117	2766
118	3658
119	5236
120	6931
121	7011
122	6868
123	5683
124	4873
125	4924
126	5478
127	7021
128	7439
129	7315
130	6437
131	5493
132	4365
133	3186
134	2542
135	2461
136	2226
137	1933
138	1812
139	1762
140	1672
141	1641
142	1658
143	1773
144	2128
145	2118
146	2046
147	1985
148	2019
149	2015
150	2007
151	1957
152	1887
153	1825
154	1860
155	2103
156	2569
157	3280
158	4324
159	6000
160	7527
161	7660
162	7545
163	6492
164	5386
165	4918
166	5180
167	5647
168	7213
169	8067
170	8220
171	7464
172	6742
173	5842
174	4759
175	3621
176	2789
177	2423
178	2452
179	2297
180	1973
181	1831
182	1791
183	1744
184	1668
185	1642
186	1633
187	1670
188	1843
189	2263
190	2339
191	2176
192	1970
193	2007
194	2051
195	2028
196	2022
197	1993
198	1960
199	1838
200	1746
201	1763
202	1872
203	2168
204	2589
205	3185
206	3887
207	5163
208	6699
209	7967
210	9298
211	8774
212	7948
213	6837
214	5779
215	5169
216	4992
217	5373
218	5699
219	6793
220	8469
221	8825
222	8897
223	8471
224	7627
225	7048
226	6318
227	5515
228	4528
229	3611
230	2882
231	2493
232	2433
233	2605
234	2572
235	2237
236	1988
237	1866
238	1871
239	1848
240	1823
241	1744
242	1682
243	1656
244	1651
245	1645
246	1671
247	1774
248	2101
249	2475
250	2551
251	2347
252	2029
253	1914
254	1957
255	2058
256	2100
257	2090
258	2078
259	2081
260	2074
261	2071
262	2029
263	1955
264	1876
265	1816
266	1776
267	1786
268	1858
269	1994
270	2205
271	2485
272	2790
273	3193
274	3641
275	4075
276	4718
277	5922
278	7133
279	7903
280	8598
281	9851
282	10264
283	10247
284	9089
285	8358
286	8058
287	7345
288	6454
289	5842
290	5524
291	5292
292	5067
293	5204
294	5507
295	5816
296	5871
297	6019
298	6529
299	7792
300	9172
301	10031
302	9976
303	9587
304	9494
305	9678
306	9683
307	9138
308	8308
309	7774
310	7609
311	7552
312	7310
313	6932
314	6479
315	6110
316	5721
317	5295
318	4844
319	4379
320	3934
321	3517
322	3171
323	2886
324	2671
325	2520
326	2401
327	2356
328	2335
329	2393
330	2493
331	2624
332	2758
333	2831
334	2844
335	2799
336	2622
337	2447
338	2260
339	2119
340	1988
341	1891
342	1840
343	1799
344	1791
345	1792
346	1802
347	1817
348	1814
349	1830
350	1841
351	1866
352	1866
353	1884
354	1887
355	1883
356	1871
357	1874
358	1866
359	1856
360	1852
361	1836
362	1820
363	1814
364	1802
365	1792
366	1775
367	1761
368	1753
369	1734
370	1733
371	1726
372	1718
373	1722
374	1720
375	1714
376	1700
377	1713
378	1701
379	1699
380	1707
381	1722
382	1726
383	1737
384	1731
385	1743
386	1774
387	1776
388	1782
389	1805
390	1820
391	1819
392	1818
393	1842
394	1829
395	1833
396	1829
397	1838
398	1834
399	1851
400	1822
401	1828
402	1819
403	1832
404	1843
405	1839
406	1843
407	1830
408	1826
409	1820
410	1808
411	1796
412	1792
413	1784
414	1777
415	1794
416	1828
417	1856
418	1912
419	2018
420	2126
421	2315
422	2501
423	2683
424	2854
425	2879
426	2860
427	2741
428	2547
429	2392
430	2312
431	2278
432	2312
433	2380
434	2498
435	2664
436	2878
437	3202
438	3563
439	4036
440	4480
441	4893
442	5342
443	5719
444	6081
445	6524
446	6993
447	7213
448	7259
449	7359
450	7724
451	8323
452	8902
453	9178
454	9114
455	9099
456	9390
457	9466
458	9317
459	8279
460	6936
461	6095
462	5770
463	5693
464	5494
465	5159
466	4899
467	4940
468	5136
469	5285
470	5710
471	6402
472	7178
473	7617
474	8003
475	8941
476	9876
477	9827
478	8914
479	8020
480	7357
481	6428
482	5245
483	4370
484	3790
485	3421
486	3024
487	2634
488	2360
489	2108
490	1949
491	1831
492	1772
493	1777
494	1816
495	1879
496	1957
497	1995
498	2031
499	2037
500	2053
501	2054
502	2087
503	2088
504	2018
505	1937
506	1965
507	2160
508	2441
509	2508
510	2296
511	1970
512	1756
513	1668
514	1656
515	1654
516	1653
517	1688
518	1727
519	1756
520	1770
521	1793
522	1826
523	1969
524	2260
525	2484
526	2425
527	2336
528	2489
529	2955
530	3662
531	4517
532	5341
533	5958
534	6547
535	7242
536	7778
537	8042
538	7888
539	6965
540	5785
541	5044
542	4655
543	4579
544	4822
545	5537
546	6422
547	7391
548	8018
549	7853
550	6809
551	5488
552	4254
553	3378
554	2792
555	2339
556	1985
557	1800
558	1736
559	1753
560	1841
561	1886
562	1908
563	1926
564	1925
565	1890
566	1838
567	1919
568	2156
569	2184
570	1949
571	1713
572	1596
573	1595
574	1617
575	1662
576	1704
577	1726
578	1808
579	2048
580	2266
581	2270
582	2375
583	2837
584	3686
585	4668
586	5471
587	6133
588	6810
589	6904
590	6707
591	5711
592	4829
593	4429
594	4520
595	5178
596	6175
597	7109
598	7106
599	6129
600	4675
601	3512
602	2766
603	2230
604	1897
605	1746
606	1757
607	1826
608	1872
609	1906
610	1906
611	1882
612	1877
613	2030
614	2071
615	1858
616	1648
617	1613
618	1611
619	1656
620	1719
621	1776
622	1972
623	2151
624	2255
625	2532
626	3290
627	4275
628	5187
629	6010
630	6527
631	6366
632	5431
633	4566
634	4205
635	4534
636	5412
637	6367
638	6441
639	5400
640	4008
641	2948
642	2294
643	1908
644	1751
645	1753
646	1806
647	1839
648	1841
649	1836
650	1884
651	1958
652	1920
653	1706
654	1578
655	1589
656	1635
657	1680
658	1798
659	2005
660	2147
661	2402
662	3089
663	4106
664	5055
665	5859
666	6092
667	5472
668	4535
669	4082
670	4450
671	5384
672	5651
673	5668
674	4363
675	3097
676	2293
677	1875
678	1741
679	1728
680	1791
681	1806
682	1782
683	1807
684	1885
685	1852
686	1659
687	1566
688	1579
689	1620
690	1732
691	1924
692	2093
693	2391
694	3115
695	4125
696	5108
697	5754
698	5553
699	4701
700	4017
701	4217
702	5128
703	5234
704	5168
705	3831
706	2703
707	2046
708	1761
709	1711
710	1759
711	1779
712	1795
713	1816
714	1852
715	1797
716	1626
717	1575
718	1611
719	1697
720	1867
721	2040
722	2348
723	3071
724	4038
725	5033
726	5111
727	5049
728	4230
729	3980
730	4632
731	5311
732	5094
733	3850
734	2674
735	2025
736	1763
737	1731
738	1764
739	1779
740	1783
741	1835
742	1832
743	1662
744	1583
745	1600
746	1688
747	1844
748	2058
749	2465
750	3265
751	4331
752	5102
753	5111
754	4362
755	3859
756	4309
757	5059
758	4954
759	3735
760	2583
761	1943
762	1747
763	1746
764	1798
765	1810
