CCDOps Exported Profile Report
Image: C:\Users\George Brown\Desktop\AMJ-zeeman\WithB\180\1_0601B.FIT
Average of Rows 251 through 263
Column	Value (ADU)
1	3845
2	5735
3	6788
4	6755
5	6449
6	4608
7	3103
8	2168
9	1768
10	1655
11	1688
12	1850
13	1810
14	1758
15	1776
16	1726
17	1623
18	1633
19	1629
20	1638
21	1730
22	1727
23	1750
24	1835
25	1891
26	2299
27	3409
28	5447
29	6614
30	7029
31	6939
32	5570
33	3958
34	2671
35	1958
36	1670
37	1605
38	1675
39	1852
40	1826
41	1748
42	1790
43	1779
44	1666
45	1633
46	1626
47	1637
48	1652
49	1720
50	1713
51	1735
52	1808
53	1867
54	2204
55	3136
56	5063
57	6692
58	7374
59	7677
60	6875
61	5298
62	3754
63	2522
64	1903
65	1665
66	1591
67	1630
68	1824
69	1850
70	1761
71	1791
72	1795
73	1762
74	1649
75	1630
76	1646
77	1658
78	1669
79	1773
80	1749
81	1706
82	1776
83	1839
84	1917
85	2287
86	3265
87	5276
88	7006
89	7605
90	7764
91	7753
92	6471
93	4799
94	3430
95	2401
96	1886
97	1655
98	1579
99	1605
100	1766
101	1859
102	1843
103	1738
104	1882
105	1886
106	1770
107	1672
108	1646
109	1658
110	1669
111	1665
112	1730
113	1799
114	1783
115	1737
116	1806
117	1849
118	1858
119	2074
120	2656
121	3971
122	6164
123	7517
124	8022
125	8763
126	8491
127	7431
128	5847
129	4389
130	3155
131	2300
132	1858
133	1674
134	1590
135	1586
136	1683
137	1891
138	1912
139	1862
140	1746
141	1871
142	1897
143	1884
144	1710
145	1657
146	1670
147	1692
148	1703
149	1707
150	1720
151	1846
152	1869
153	1811
154	1769
155	1850
156	1886
157	1867
158	1894
159	2184
160	2735
161	3926
162	5966
163	7858
164	8369
165	8848
166	9433
167	9222
168	8257
169	6821
170	5317
171	4127
172	3017
173	2270
174	1883
175	1689
176	1591
177	1571
178	1569
179	1659
180	1850
181	2065
182	2039
183	1832
184	1730
185	1845
186	2053
187	2004
188	1863
189	1733
190	1640
191	1648
192	1694
193	1694
194	1695
195	1688
196	1679
197	1737
198	1871
199	1878
200	1791
201	1722
202	1743
203	1870
204	1899
205	1864
206	1824
207	1940
208	2203
209	2663
210	3583
211	5050
212	7153
213	8759
214	8939
215	9138
216	9636
217	10135
218	10037
219	9339
220	8339
221	6985
222	5688
223	4681
224	3748
225	2833
226	2260
227	1921
228	1737
229	1641
230	1581
231	1574
232	1560
233	1582
234	1648
235	1817
236	2019
237	2226
238	2275
239	2093
240	1907
241	1789
242	1811
243	1956
244	2175
245	2179
246	2040
247	1867
248	1752
249	1681
250	1614
251	1606
252	1657
253	1702
254	1714
255	1673
256	1675
257	1698
258	1691
259	1656
260	1700
261	1823
262	1963
263	2003
264	1960
265	1862
266	1777
267	1752
268	1780
269	1841
270	1934
271	2000
272	2013
273	1922
274	1831
275	1812
276	1862
277	1998
278	2154
279	2349
280	2640
281	3123
282	3859
283	4790
284	5919
285	7381
286	8922
287	9915
288	9903
289	9647
290	9679
291	9904
292	10219
293	10723
294	11330
295	11417
296	11303
297	10580
298	10092
299	9778
300	9297
301	8587
302	7698
303	6897
304	6214
305	5579
306	5042
307	4644
308	4229
309	3772
310	3271
311	2807
312	2475
313	2214
314	2041
315	1919
316	1833
317	1763
318	1717
319	1683
320	1655
321	1635
322	1615
323	1591
324	1568
325	1566
326	1567
327	1578
328	1576
329	1568
330	1568
331	1561
332	1566
333	1568
334	1593
335	1601
336	1631
337	1671
338	1744
339	1781
340	1852
341	1930
342	1997
343	2045
344	2096
345	2139
346	2221
347	2283
348	2363
349	2433
350	2451
351	2446
352	2452
353	2394
354	2330
355	2249
356	2148
357	2098
358	2041
359	1982
360	1926
361	1886
362	1848
363	1827
364	1810
365	1790
366	1768
367	1763
368	1749
369	1740
370	1704
371	1699
372	1698
373	1697
374	1681
375	1686
376	1684
377	1680
378	1687
379	1684
380	1687
381	1682
382	1683
383	1682
384	1697
385	1691
386	1696
387	1702
388	1725
389	1728
390	1749
391	1764
392	1766
393	1786
394	1792
395	1833
396	1849
397	1897
398	1926
399	1963
400	2012
401	2044
402	2111
403	2164
404	2276
405	2342
406	2399
407	2407
408	2449
409	2431
410	2415
411	2332
412	2272
413	2196
414	2132
415	2080
416	2047
417	1986
418	1921
419	1861
420	1784
421	1717
422	1654
423	1601
424	1573
425	1565
426	1555
427	1553
428	1549
429	1542
430	1537
431	1545
432	1559
433	1575
434	1580
435	1584
436	1600
437	1610
438	1639
439	1664
440	1692
441	1732
442	1772
443	1855
444	1963
445	2110
446	2275
447	2522
448	2911
449	3357
450	3836
451	4233
452	4557
453	4999
454	5564
455	6125
456	6869
457	7603
458	8441
459	9060
460	9375
461	9710
462	10393
463	10976
464	11008
465	10587
466	10005
467	9570
468	9258
469	9114
470	9266
471	9349
472	9127
473	8061
474	6598
475	5264
476	4256
477	3498
478	2913
479	2518
480	2300
481	2112
482	1957
483	1841
484	1802
485	1860
486	1928
487	1950
488	1944
489	1860
490	1768
491	1718
492	1718
493	1766
494	1848
495	1934
496	1953
497	1873
498	1770
499	1690
500	1693
501	1710
502	1720
503	1707
504	1704
505	1714
506	1695
507	1648
508	1629
509	1644
510	1687
511	1758
512	1918
513	2023
514	2049
515	2012
516	1831
517	1720
518	1735
519	1877
520	2063
521	2091
522	2047
523	1869
524	1705
525	1604
526	1565
527	1546
528	1560
529	1606
530	1653
531	1758
532	1952
533	2360
534	2985
535	3744
536	4561
537	5575
538	6726
539	7817
540	8663
541	8885
542	8797
543	8294
544	8042
545	7937
546	7217
547	5725
548	4103
549	2993
550	2383
551	2057
552	1875
553	1823
554	1838
555	1831
556	1775
557	1690
558	1689
559	1758
560	1788
561	1746
562	1651
563	1621
564	1607
565	1612
566	1616
567	1594
568	1567
569	1597
570	1680
571	1802
572	1900
573	1852
574	1724
575	1699
576	1822
577	1917
578	1887
579	1732
580	1580
581	1529
582	1535
583	1582
584	1683
585	1889
586	2336
587	3075
588	4011
589	5140
590	6378
591	7530
592	8028
593	7925
594	7567
595	7220
596	6241
597	4582
598	3160
599	2329
600	1952
601	1829
602	1814
603	1797
604	1710
605	1680
606	1725
607	1739
608	1656
609	1606
610	1594
611	1590
612	1578
613	1558
614	1584
615	1696
616	1811
617	1804
618	1712
619	1711
620	1824
621	1867
622	1726
623	1576
624	1537
625	1544
626	1641
627	1855
628	2368
629	3227
630	4359
631	5636
632	6811
633	7395
634	7260
635	6854
636	6055
637	4578
638	3059
639	2203
640	1875
641	1784
642	1757
643	1690
644	1673
645	1685
646	1684
647	1610
648	1566
649	1563
650	1568
651	1552
652	1602
653	1739
654	1751
655	1701
656	1692
657	1774
658	1769
659	1632
660	1522
661	1539
662	1624
663	1875
664	2489
665	3507
666	4782
667	6119
668	6890
669	6880
670	6476
671	5436
672	3855
673	2565
674	1946
675	1790
676	1737
677	1653
678	1659
679	1661
680	1631
681	1567
682	1550
683	1537
684	1534
685	1597
686	1718
687	1707
688	1683
689	1732
690	1741
691	1655
692	1541
693	1532
694	1639
695	1962
696	2697
697	3877
698	5247
699	6277
700	6325
701	6155
702	5166
703	3659
704	2424
705	1873
706	1727
707	1685
708	1640
709	1635
710	1616
711	1579
712	1556
713	1536
714	1541
715	1608
716	1694
717	1688
718	1678
719	1725
720	1676
721	1563
722	1556
723	1673
724	2051
725	2864
726	4138
727	5483
728	6210
729	6146
730	5350
731	3930
732	2591
733	1923
734	1744
735	1694
736	1646
737	1637
738	1608
739	1561
740	1544
741	1530
742	1587
743	1667
744	1672
745	1679
746	1687
747	1652
748	1552
749	1562
750	1747
751	2297
752	3305
753	4700
754	5733
755	5897
756	5342
757	4019
758	2645
759	1898
760	1704
761	1646
762	1631
763	1618
764	1594
765	1574
