CCDOps Exported Profile Report
Image: C:\Users\George Brown\Desktop\AMJ-zeeman\WithB\180\2_0801B.FIT
Average of Rows 250 through 262
Column	Value (ADU)
1	4631
2	5970
3	6269
4	6753
5	6699
6	5061
7	3570
8	2452
9	1908
10	1742
11	1818
12	1852
13	1751
14	1700
15	1823
16	1825
17	1726
18	1660
19	1644
20	1716
21	1783
22	1773
23	1741
24	1907
25	2085
26	2721
27	4187
28	5902
29	6222
30	6555
31	6910
32	5933
33	4495
34	3139
35	2201
36	1796
37	1715
38	1804
39	1824
40	1771
41	1694
42	1813
43	1834
44	1768
45	1680
46	1638
47	1655
48	1716
49	1755
50	1745
51	1720
52	1880
53	2051
54	2582
55	3908
56	5816
57	6517
58	6582
59	7240
60	7072
61	5807
62	4321
63	2998
64	2151
65	1780
66	1696
67	1772
68	1855
69	1825
70	1683
71	1709
72	1916
73	1887
74	1774
75	1707
76	1654
77	1663
78	1748
79	1792
80	1788
81	1723
82	1787
83	1942
84	2102
85	2766
86	4181
87	6141
88	6885
89	6844
90	7376
91	7650
92	6923
93	5449
94	4064
95	2831
96	2096
97	1770
98	1684
99	1749
100	1920
101	1947
102	1759
103	1663
104	1755
105	1978
106	1910
107	1790
108	1721
109	1686
110	1672
111	1730
112	1815
113	1844
114	1808
115	1724
116	1802
117	1934
118	2025
119	2428
120	3422
121	5104
122	6951
123	7222
124	7169
125	7629
126	7891
127	7822
128	6500
129	5091
130	3831
131	2726
132	2087
133	1802
134	1676
135	1718
136	1844
137	2032
138	1977
139	1756
140	1673
141	1749
142	1983
143	2003
144	1896
145	1776
146	1750
147	1722
148	1697
149	1739
150	1804
151	1874
152	1901
153	1841
154	1766
155	1798
156	1947
157	2026
158	2117
159	2614
160	3600
161	5181
162	7215
163	7881
164	7718
165	7572
166	8303
167	8813
168	8683
169	7525
170	6118
171	4913
172	3748
173	2734
174	2126
175	1839
176	1702
177	1678
178	1722
179	1868
180	2057
181	2107
182	1888
183	1718
184	1646
185	1692
186	1927
187	2121
188	2073
189	1914
190	1770
191	1755
192	1743
193	1688
194	1682
195	1720
196	1780
197	1865
198	1917
199	1922
200	1835
201	1739
202	1724
203	1793
204	1953
205	2007
206	2001
207	2192
208	2704
209	3615
210	4924
211	6700
212	8393
213	8368
214	8256
215	8027
216	7895
217	8895
218	9771
219	9641
220	8936
221	7714
222	6591
223	5515
224	4637
225	3686
226	2797
227	2233
228	1933
229	1762
230	1681
231	1638
232	1676
233	1771
234	1881
235	2031
236	2229
237	2311
238	2122
239	1890
240	1763
241	1689
242	1697
243	1752
244	1918
245	2192
246	2213
247	2157
248	1996
249	1847
250	1746
251	1724
252	1718
253	1719
254	1685
255	1659
256	1663
257	1690
258	1750
259	1791
260	1878
261	1957
262	1982
263	2008
264	2005
265	1923
266	1817
267	1749
268	1734
269	1756
270	1836
271	1958
272	2069
273	2089
274	2055
275	2001
276	2026
277	2233
278	2603
279	3086
280	3679
281	4441
282	5424
283	6615
284	7896
285	9151
286	9855
287	9608
288	8986
289	8690
290	8724
291	8608
292	8386
293	8464
294	9092
295	10070
296	10822
297	10861
298	10743
299	10442
300	9975
301	9356
302	8592
303	7804
304	7155
305	6617
306	6046
307	5522
308	5086
309	4728
310	4310
311	3823
312	3283
313	2823
314	2500
315	2277
316	2097
317	2007
318	1908
319	1838
320	1782
321	1722
322	1705
323	1671
324	1656
325	1651
326	1640
327	1639
328	1642
329	1655
330	1674
331	1692
332	1744
333	1787
334	1844
335	1906
336	1928
337	1954
338	1980
339	1995
340	2038
341	2123
342	2235
343	2351
344	2433
345	2499
346	2515
347	2489
348	2439
349	2355
350	2267
351	2160
352	2055
353	1982
354	1908
355	1857
356	1794
357	1781
358	1763
359	1731
360	1729
361	1717
362	1703
363	1692
364	1697
365	1698
366	1681
367	1665
368	1647
369	1652
370	1648
371	1638
372	1634
373	1622
374	1611
375	1616
376	1606
377	1612
378	1620
379	1613
380	1603
381	1610
382	1612
383	1616
384	1636
385	1632
386	1643
387	1642
388	1653
389	1671
390	1675
391	1673
392	1686
393	1686
394	1699
395	1712
396	1721
397	1733
398	1737
399	1756
400	1770
401	1765
402	1780
403	1818
404	1849
405	1868
406	1950
407	2030
408	2131
409	2241
410	2357
411	2459
412	2511
413	2505
414	2486
415	2407
416	2296
417	2195
418	2097
419	2034
420	1989
421	1958
422	1946
423	1934
424	1887
425	1831
426	1780
427	1726
428	1670
429	1651
430	1628
431	1629
432	1628
433	1635
434	1638
435	1651
436	1682
437	1717
438	1747
439	1796
440	1865
441	1919
442	2013
443	2139
444	2292
445	2572
446	2970
447	3393
448	3897
449	4347
450	4680
451	5057
452	5438
453	5936
454	6475
455	7046
456	7699
457	8387
458	9088
459	9643
460	10100
461	10386
462	10469
463	10131
464	9238
465	8383
466	7975
467	8069
468	8158
469	8194
470	8285
471	8668
472	9176
473	9217
474	8351
475	7067
476	5910
477	4928
478	4061
479	3421
480	2885
481	2455
482	2151
483	2021
484	2012
485	2071
486	2088
487	2015
488	1897
489	1789
490	1746
491	1718
492	1747
493	1836
494	1919
495	1968
496	1970
497	1961
498	1889
499	1836
500	1785
501	1744
502	1696
503	1676
504	1708
505	1740
506	1734
507	1734
508	1746
509	1773
510	1885
511	2010
512	2151
513	2172
514	2023
515	1818
516	1694
517	1635
518	1640
519	1707
520	1882
521	2088
522	2121
523	2067
524	1901
525	1780
526	1706
527	1625
528	1640
529	1694
530	1779
531	1955
532	2305
533	2889
534	3677
535	4485
536	5320
537	6277
538	7369
539	8339
540	8404
541	8337
542	7498
543	7086
544	7117
545	7535
546	7690
547	6893
548	5465
549	4040
550	3025
551	2393
552	2070
553	1989
554	1947
555	1864
556	1729
557	1689
558	1719
559	1799
560	1827
561	1816
562	1743
563	1693
564	1629
565	1606
566	1630
567	1640
568	1658
569	1723
570	1859
571	1952
572	1925
573	1760
574	1610
575	1601
576	1704
577	1899
578	1956
579	1901
580	1751
581	1634
582	1625
583	1671
584	1840
585	2170
586	2847
587	3701
588	4651
589	5750
590	6918
591	7628
592	7482
593	6869
594	6689
595	6794
596	6775
597	5653
598	4119
599	2887
600	2239
601	2021
602	1922
603	1778
604	1699
605	1711
606	1754
607	1778
608	1756
609	1656
610	1608
611	1601
612	1621
613	1637
614	1707
615	1833
616	1851
617	1781
618	1645
619	1640
620	1762
621	1905
622	1870
623	1737
624	1626
625	1642
626	1757
627	2113
628	2845
629	3801
630	4946
631	6178
632	6983
633	6878
634	6366
635	6248
636	6224
637	5369
638	3894
639	2696
640	2096
641	1895
642	1781
643	1692
644	1683
645	1717
646	1719
647	1667
648	1596
649	1593
650	1606
651	1635
652	1743
653	1786
654	1761
655	1626
656	1622
657	1748
658	1787
659	1753
660	1636
661	1605
662	1738
663	2141
664	2927
665	4025
666	5316
667	6344
668	6442
669	6146
670	6002
671	5765
672	4647
673	3178
674	2271
675	1905
676	1763
677	1669
678	1658
679	1688
680	1680
681	1601
682	1581
683	1564
684	1602
685	1715
686	1731
687	1698
688	1584
689	1646
690	1761
691	1747
692	1648
693	1614
694	1767
695	2269
696	3136
697	4389
698	5644
699	6044
700	5915
701	5709
702	5433
703	4356
704	2957
705	2115
706	1822
707	1696
708	1667
709	1664
710	1677
711	1605
712	1562
713	1568
714	1618
715	1711
716	1731
717	1632
718	1618
719	1725
720	1753
721	1654
722	1637
723	1791
724	2307
725	3303
726	4596
727	5668
728	5730
729	5593
730	5357
731	4529
732	3131
733	2164
734	1833
735	1708
736	1671
737	1673
738	1642
739	1591
740	1561
741	1600
742	1693
743	1715
744	1649
745	1628
746	1712
747	1709
748	1656
749	1649
750	1925
751	2633
752	3760
753	5000
754	5575
755	5454
756	5214
757	4466
758	3156
759	2173
760	1801
761	1683
762	1661
763	1655
764	1643
765	1613
