CCDOps Exported Profile Report
Image: C:\Users\George Brown\Desktop\AMJ-zeeman\WithB\180\4_0901B.FIT
Average of Rows 250 through 262
Column	Value (ADU)
1	5060
2	6084
3	6057
4	6852
5	6794
6	5366
7	3900
8	2654
9	2006
10	1823
11	1880
12	1910
13	1737
14	1680
15	1830
16	1841
17	1778
18	1703
19	1677
20	1753
21	1778
22	1765
23	1767
24	1927
25	2204
26	2984
27	4650
28	6068
29	6062
30	6265
31	6324
32	6193
33	4853
34	3453
35	2366
36	1909
37	1784
38	1890
39	1949
40	1758
41	1686
42	1798
43	1839
44	1805
45	1730
46	1658
47	1669
48	1768
49	1773
50	1756
51	1757
52	1903
53	2180
54	2862
55	4382
56	6141
57	6340
58	6325
59	6971
60	7255
61	6110
62	4716
63	3341
64	2314
65	1873
66	1768
67	1838
68	1851
69	1812
70	1674
71	1683
72	1914
73	1936
74	1839
75	1748
76	1686
77	1697
78	1775
79	1803
80	1784
81	1746
82	1800
83	2011
84	2272
85	3120
86	4704
87	6524
88	6618
89	6583
90	6986
91	7184
92	7172
93	5826
94	4473
95	3157
96	2267
97	1860
98	1765
99	1823
100	1986
101	1943
102	1730
103	1649
104	1721
105	1978
106	1961
107	1858
108	1784
109	1710
110	1694
111	1783
112	1870
113	1854
114	1813
115	1756
116	1796
117	1964
118	2175
119	2667
120	3889
121	5749
122	7307
123	7185
124	6842
125	7193
126	8253
127	8043
128	6904
129	5558
130	4267
131	3061
132	2264
133	1887
134	1757
135	1826
136	1925
137	1954
138	1931
139	1724
140	1659
141	1716
142	1946
143	1965
144	1944
145	1879
146	1811
147	1742
148	1693
149	1771
150	1888
151	1903
152	1899
153	1869
154	1799
155	1810
156	1975
157	2113
158	2310
159	2932
160	4173
161	5882
162	7694
163	7741
164	7544
165	7178
166	7729
167	8946
168	8860
169	7886
170	6600
171	5363
172	4247
173	3099
174	2356
175	1957
176	1790
177	1743
178	1833
179	1944
180	2168
181	2099
182	1846
183	1692
184	1635
185	1674
186	1865
187	2150
188	2128
189	1970
190	1902
191	1830
192	1773
193	1699
194	1681
195	1754
196	1864
197	1909
198	1906
199	1889
200	1843
201	1786
202	1746
203	1798
204	1944
205	2106
206	2160
207	2420
208	3080
209	4224
210	5705
211	7540
212	8893
213	8598
214	8040
215	7609
216	7389
217	8184
218	9562
219	9715
220	9307
221	8200
222	7135
223	6118
224	5155
225	4242
226	3220
227	2494
228	2094
229	1896
230	1759
231	1726
232	1788
233	1890
234	1963
235	2110
236	2373
237	2329
238	2034
239	1828
240	1732
241	1677
242	1685
243	1715
244	1837
245	2110
246	2315
247	2235
248	2045
249	1939
250	1871
251	1842
252	1820
253	1770
254	1705
255	1664
256	1657
257	1719
258	1799
259	1897
260	1982
261	1992
262	1975
263	1957
264	1956
265	1948
266	1881
267	1795
268	1771
269	1770
270	1801
271	1934
272	2054
273	2164
274	2183
275	2196
276	2272
277	2477
278	2923
279	3585
280	4377
281	5284
282	6437
283	7621
284	8861
285	9788
286	9929
287	9383
288	8731
289	8530
290	8388
291	8117
292	7810
293	7834
294	8188
295	9096
296	10294
297	11101
298	11066
299	10777
300	10284
301	9812
302	9124
303	8454
304	7811
305	7269
306	6686
307	6195
308	5665
309	5283
310	4913
311	4477
312	3932
313	3357
314	2934
315	2568
316	2337
317	2185
318	2037
319	1961
320	1899
321	1832
322	1790
323	1736
324	1726
325	1711
326	1704
327	1702
328	1740
329	1769
330	1811
331	1860
332	1908
333	1930
334	1961
335	1963
336	1969
337	1979
338	2015
339	2099
340	2179
341	2307
342	2465
343	2551
344	2580
345	2573
346	2511
347	2406
348	2311
349	2191
350	2087
351	1989
352	1916
353	1856
354	1811
355	1770
356	1752
357	1746
358	1724
359	1706
360	1708
361	1710
362	1690
363	1674
364	1670
365	1675
366	1672
367	1661
368	1647
369	1633
370	1635
371	1637
372	1614
373	1611
374	1602
375	1609
376	1603
377	1603
378	1598
379	1601
380	1623
381	1613
382	1613
383	1624
384	1630
385	1630
386	1620
387	1653
388	1662
389	1664
390	1664
391	1680
392	1685
393	1701
394	1700
395	1717
396	1714
397	1720
398	1735
399	1737
400	1739
401	1740
402	1728
403	1748
404	1747
405	1777
406	1851
407	1872
408	1958
409	2045
410	2170
411	2293
412	2425
413	2530
414	2585
415	2589
416	2534
417	2429
418	2292
419	2156
420	2059
421	1989
422	1958
423	1957
424	1960
425	1971
426	1932
427	1906
428	1845
429	1780
430	1737
431	1716
432	1690
433	1709
434	1717
435	1725
436	1752
437	1793
438	1842
439	1900
440	1988
441	2057
442	2182
443	2376
444	2647
445	3013
446	3522
447	4018
448	4496
449	4893
450	5214
451	5623
452	6043
453	6541
454	7097
455	7632
456	8357
457	8936
458	9409
459	9946
460	10434
461	10577
462	10378
463	9431
464	8380
465	7630
466	7333
467	7478
468	7819
469	7958
470	8027
471	8382
472	9107
473	9154
474	9073
475	7998
476	6826
477	5740
478	4820
479	4026
480	3288
481	2743
482	2381
483	2227
484	2195
485	2181
486	2127
487	2004
488	1889
489	1795
490	1750
491	1772
492	1813
493	1874
494	1936
495	1934
496	1938
497	1964
498	1965
499	1932
500	1862
501	1775
502	1713
503	1677
504	1702
505	1742
506	1792
507	1838
508	1864
509	1881
510	1929
511	2091
512	2195
513	2190
514	1973
515	1771
516	1662
517	1633
518	1644
519	1688
520	1803
521	2036
522	2195
523	2151
524	1988
525	1870
526	1792
527	1728
528	1701
529	1765
530	1885
531	2127
532	2610
533	3334
534	4190
535	4976
536	5846
537	6791
538	7783
539	8651
540	8845
541	7970
542	6966
543	6632
544	6853
545	7355
546	7445
547	7431
548	6157
549	4693
550	3485
551	2654
552	2251
553	2099
554	1996
555	1845
556	1728
557	1718
558	1763
559	1797
560	1817
561	1820
562	1811
563	1724
564	1647
565	1612
566	1652
567	1701
568	1728
569	1792
570	1928
571	1949
572	1914
573	1716
574	1597
575	1585
576	1673
577	1865
578	1967
579	1967
580	1843
581	1721
582	1697
583	1741
584	1946
585	2405
586	3198
587	4120
588	5084
589	6171
590	7217
591	7313
592	7249
593	6501
594	6341
595	6757
596	6992
597	6170
598	4665
599	3311
600	2453
601	2164
602	1952
603	1817
604	1714
605	1743
606	1770
607	1774
608	1776
609	1712
610	1636
611	1614
612	1650
613	1712
614	1790
615	1902
616	1908
617	1761
618	1627
619	1603
620	1732
621	1915
622	1922
623	1800
624	1708
625	1707
626	1858
627	2309
628	3159
629	4185
630	5329
631	6438
632	6663
633	6645
634	6049
635	6066
636	6152
637	5787
638	4375
639	3007
640	2265
641	1975
642	1810
643	1719
644	1702
645	1740
646	1748
647	1712
648	1615
649	1602
650	1631
651	1693
652	1798
653	1816
654	1760
655	1613
656	1591
657	1729
658	1853
659	1799
660	1703
661	1673
662	1846
663	2332
664	3257
665	4391
666	5626
667	6494
668	6371
669	5871
670	5848
671	5945
672	5041
673	3563
674	2468
675	2004
676	1804
677	1700
678	1694
679	1712
680	1710
681	1641
682	1590
683	1603
684	1661
685	1762
686	1773
687	1688
688	1580
689	1632
690	1783
691	1797
692	1721
693	1685
694	1868
695	2455
696	3471
697	4718
698	5821
699	5866
700	5697
701	5546
702	5562
703	4716
704	3284
705	2271
706	1889
707	1728
708	1664
709	1688
710	1713
711	1629
712	1589
713	1612
714	1669
715	1751
716	1739
717	1627
718	1601
719	1726
720	1755
721	1736
722	1693
723	1894
724	2536
725	3607
726	4879
727	5801
728	5719
729	5390
730	5379
731	4808
732	3436
733	2357
734	1896
735	1722
736	1688
737	1685
738	1681
739	1616
740	1599
741	1615
742	1720
743	1741
744	1650
745	1615
746	1717
747	1743
748	1711
749	1707
750	2042
751	2867
752	4044
753	5200
754	5280
755	5274
756	5172
757	4705
758	3456
759	2345
760	1873
761	1701
762	1685
763	1692
764	1664
765	1615
