7.133212345125926855e-03
6.133256427612348433e-03
4.866628245780551740e-03
7.233207185281086658e-03
6.133256427612348433e-03
4.833295696515194952e-03
7.233207185281086658e-03
6.133256427612348433e-03
4.766630565837827981e-03
7.066549038981208980e-03
6.166588500240279512e-03
5.066623311680124551e-03
7.099880699941660440e-03
6.166588500240279512e-03
5.033290828411533108e-03
7.099880699941660440e-03
6.166588500240279512e-03
5.033290828411533108e-03
7.099880699941660440e-03
6.166588500240279512e-03
4.899960784231607684e-03
7.066549038981208980e-03
6.199920559165547455e-03
4.866628245780551740e-03
