9.699695792840192302e-03
8.133153997438894237e-03
9.633035355245763223e-03
8.133153997438894237e-03
9.633035355245763223e-03
8.166485116832863933e-03
6.666567903868228506e-03
5.733270514226608723e-03
7.266538766620089795e-03
4.899960784231607684e-03
9.966336675235385953e-03
7.833173118552852129e-03
9.933006641661787373e-03
7.899835659820504674e-03
9.899676586018469476e-03
7.899835659820504674e-03
9.833016408818798237e-03
7.999829339886634430e-03
9.799686287410508748e-03
8.033160531123066661e-03
9.733025979347172119e-03
8.033160531123066661e-03
9.699695792840192302e-03
8.099822859973239766e-03
