7.266538766620089795e-03
3.933313049175944480e-03
6.233252604314097785e-03
0.000000000000000000e+00
6.399912620814086558e-03
0.000000000000000000e+00
6.533240378479389376e-03
0.000000000000000000e+00
6.666567903868228506e-03
5.299950375169706386e-03
6.766563392627321025e-03
5.566609168192502601e-03
6.866558746065474193e-03
5.533276861580629057e-03
6.999885670027948016e-03
5.533276861580629057e-03
7.066549038981208980e-03
4.666632790566101717e-03
7.199875587869691840e-03
4.199975304261379001e-03
