CCDOps Exported Profile Report
Image: C:\Users\George Brown\Desktop\AMJ-zeeman\WithB\90\7_B0800.FIT
Average of Rows 236 through 262
Column	Value (ADU)
1	1467
2	1387
3	1365
4	1351
5	1335
6	1313
7	1316
8	1317
9	1304
10	1310
11	1316
12	1324
13	1331
14	1330
15	1344
16	1367
17	1411
18	1478
19	1622
20	1796
21	1966
22	2088
23	2047
24	1955
25	1808
26	1630
27	1497
28	1403
29	1364
30	1342
31	1334
32	1341
33	1312
34	1303
35	1317
36	1314
37	1302
38	1306
39	1310
40	1315
41	1320
42	1328
43	1332
44	1369
45	1402
46	1446
47	1575
48	1725
49	1901
50	2083
51	2132
52	2076
53	1979
54	1824
55	1631
56	1487
57	1412
58	1364
59	1344
60	1334
61	1328
62	1317
63	1301
64	1304
65	1314
66	1302
67	1295
68	1294
69	1295
70	1313
71	1327
72	1321
73	1325
74	1342
75	1364
76	1402
77	1462
78	1566
79	1733
80	1937
81	2116
82	2221
83	2198
84	2095
85	1979
86	1818
87	1637
88	1487
89	1405
90	1366
91	1342
92	1325
93	1336
94	1331
95	1304
96	1297
97	1305
98	1322
99	1302
100	1291
101	1295
102	1360
103	1306
104	1319
105	1327
106	1323
107	1333
108	1332
109	1363
110	1401
111	1416
112	1497
113	1615
114	1786
115	1974
116	2157
117	2283
118	2260
119	2181
120	2085
121	1956
122	1794
123	1612
124	1488
125	1411
126	1369
127	1342
128	1331
129	1321
130	1338
131	1333
132	1303
133	1286
134	1288
135	1314
136	1321
137	1299
138	1290
139	1288
140	1305
141	1292
142	1302
143	1328
144	1325
145	1318
146	1313
147	1327
148	1354
149	1381
150	1399
151	1424
152	1493
153	1610
154	1768
155	1954
156	2103
157	2283
158	2369
159	2312
160	2234
161	2155
162	2067
163	1939
164	1762
165	1603
166	1493
167	1419
168	1383
169	1351
170	1330
171	1324
172	1319
173	1335
174	1349
175	1333
176	1293
177	1273
178	1287
179	1312
180	1335
181	1322
182	1279
183	1281
184	1277
185	1302
186	1303
187	1288
188	1298
189	1326
190	1335
191	1321
192	1302
193	1299
194	1310
195	1338
196	1372
197	1387
198	1391
199	1401
200	1444
201	1506
202	1602
203	1742
204	1906
205	2029
206	2178
207	2365
208	2485
209	2475
210	2406
211	2323
212	2256
213	2211
214	2107
215	2010
216	1861
217	1709
218	1581
219	1484
220	1420
221	1394
222	1373
223	1352
224	1345
225	1325
226	1313
227	1307
228	1312
229	1350
230	1376
231	1359
232	1303
233	1276
234	1275
235	1270
236	1288
237	1311
238	1346
239	1362
240	1325
241	1275
242	1266
243	1260
244	1278
245	1288
246	1305
247	1296
248	1290
249	1294
250	1300
251	1314
252	1341
253	1361
254	1346
255	1325
256	1297
257	1297
258	1286
259	1298
260	1313
261	1329
262	1369
263	1397
264	1405
265	1397
266	1383
267	1381
268	1413
269	1434
270	1462
271	1518
272	1581
273	1662
274	1779
275	1918
276	2031
277	2076
278	2104
279	2250
280	2396
281	2514
282	2642
283	2719
284	2701
285	2600
286	2523
287	2501
288	2451
289	2374
290	2363
291	2376
292	2335
293	2251
294	2189
295	2182
296	2135
297	2047
298	1912
299	1806
300	1733
301	1688
302	1617
303	1546
304	1485
305	1458
306	1428
307	1420
308	1401
309	1393
310	1409
311	1388
312	1376
313	1356
314	1351
315	1347
316	1339
317	1336
318	1332
319	1329
320	1321
321	1319
322	1312
323	1306
324	1306
325	1309
326	1303
327	1302
328	1305
329	1315
330	1336
331	1362
332	1374
333	1411
334	1425
335	1425
336	1416
337	1400
338	1381
339	1360
340	1323
341	1312
342	1300
343	1281
344	1278
345	1271
346	1269
347	1261
348	1262
349	1257
350	1255
351	1261
352	1262
353	1261
354	1255
355	1253
356	1256
357	1256
358	1250
359	1251
360	1252
361	1257
362	1255
363	1243
364	1258
365	1262
366	1254
367	1259
368	1252
369	1260
370	1256
371	1260
372	1265
373	1255
374	1256
375	1253
376	1260
377	1252
378	1253
379	1258
380	1258
381	1258
382	1257
383	1255
384	1255
385	1261
386	1255
387	1259
388	1257
389	1255
390	1254
391	1252
392	1254
393	1261
394	1250
395	1259
396	1251
397	1263
398	1258
399	1260
400	1266
401	1264
402	1260
403	1276
404	1273
405	1293
406	1303
407	1326
408	1346
409	1361
410	1386
411	1403
412	1414
413	1407
414	1397
415	1376
416	1355
417	1341
418	1325
419	1312
420	1302
421	1298
422	1299
423	1294
424	1301
425	1303
426	1312
427	1305
428	1302
429	1315
430	1321
431	1323
432	1333
433	1345
434	1342
435	1359
436	1362
437	1373
438	1382
439	1390
440	1403
441	1420
442	1437
443	1475
444	1518
445	1582
446	1643
447	1694
448	1767
449	1862
450	1967
451	2054
452	2124
453	2163
454	2224
455	2278
456	2313
457	2336
458	2345
459	2374
460	2427
461	2458
462	2523
463	2576
464	2609
465	2564
466	2469
467	2344
468	2208
469	2103
470	2040
471	1978
472	1899
473	1787
474	1686
475	1602
476	1518
477	1480
478	1437
479	1407
480	1386
481	1372
482	1372
483	1379
484	1380
485	1358
486	1335
487	1315
488	1296
489	1285
490	1273
491	1284
492	1296
493	1310
494	1338
495	1318
496	1304
497	1291
498	1277
499	1266
500	1273
501	1277
502	1279
503	1265
504	1256
505	1251
506	1260
507	1285
508	1312
509	1314
510	1300
511	1279
512	1260
513	1248
514	1255
515	1265
516	1301
517	1324
518	1322
519	1304
520	1291
521	1292
522	1290
523	1292
524	1304
525	1319
526	1338
527	1363
528	1389
529	1455
530	1558
531	1676
532	1809
533	1913
534	2010
535	2064
536	2110
537	2161
538	2223
539	2263
540	2201
541	2080
542	1965
543	1853
544	1740
545	1606
546	1504
547	1427
548	1390
549	1371
550	1350
551	1347
552	1326
553	1294
554	1280
555	1278
556	1287
557	1300
558	1289
559	1278
560	1262
561	1266
562	1264
563	1253
564	1248
565	1246
566	1269
567	1288
568	1281
569	1266
570	1249
571	1249
572	1272
573	1304
574	1297
575	1291
576	1289
577	1283
578	1300
579	1320
580	1337
581	1374
582	1438
583	1552
584	1697
585	1819
586	1917
587	1988
588	2061
589	2113
590	2096
591	2029
592	1888
593	1751
594	1615
595	1498
596	1413
597	1372
598	1343
599	1330
600	1302
601	1285
602	1275
603	1278
604	1286
605	1272
606	1266
607	1261
608	1251
609	1252
610	1257
611	1263
612	1282
613	1271
614	1252
615	1255
616	1271
617	1290
618	1284
619	1278
620	1279
621	1288
622	1312
623	1341
624	1428
625	1538
626	1687
627	1812
628	1902
629	1970
630	2035
631	1997
632	1901
633	1752
634	1601
635	1493
636	1403
637	1355
638	1337
639	1318
640	1287
641	1268
642	1277
643	1275
644	1262
645	1263
646	1247
647	1254
648	1253
649	1261
650	1265
651	1259
652	1249
653	1264
654	1276
655	1273
656	1265
657	1280
658	1306
659	1339
660	1414
661	1531
662	1663
663	1779
664	1865
665	1927
666	1918
667	1828
668	1688
669	1547
670	1440
671	1372
672	1338
673	1303
674	1281
675	1267
676	1270
677	1273
678	1267
679	1254
680	1243
681	1246
682	1258
683	1256
684	1247
685	1248
686	1255
687	1267
688	1265
689	1265
690	1285
691	1331
692	1417
693	1527
694	1666
695	1777
696	1849
697	1876
698	1812
699	1675
700	1543
701	1430
702	1359
703	1325
704	1293
705	1273
706	1268
707	1263
708	1257
709	1245
710	1245
711	1252
712	1245
713	1252
714	1252
715	1247
716	1264
717	1268
718	1268
719	1277
720	1310
721	1383
722	1509
723	1634
724	1737
725	1804
726	1813
727	1712
728	1585
729	1455
730	1373
731	1325
732	1304
733	1272
734	1259
735	1250
736	1248
737	1238
738	1243
739	1248
740	1258
741	1240
742	1254
743	1251
744	1253
745	1260
746	1299
747	1307
748	1392
749	1523
750	1652
751	1742
752	1780
753	1730
754	1612
755	1470
756	1373
757	1318
758	1293
759	1276
760	1262
761	1255
762	1251
763	1248
764	1245
765	1252
