CCDOps Exported Profile Report
Image: C:\Users\George Brown\Desktop\AMJ-zeeman\WithB\90\8_B0900.FIT
Average of Rows 236 through 262
Column	Value (ADU)
1	1483
2	1406
3	1382
4	1380
5	1344
6	1323
7	1321
8	1326
9	1316
10	1313
11	1325
12	1331
13	1339
14	1341
15	1349
16	1388
17	1442
18	1509
19	1646
20	1806
21	1963
22	2062
23	2019
24	1948
25	1819
26	1650
27	1519
28	1429
29	1380
30	1368
31	1356
32	1349
33	1327
34	1318
35	1321
36	1318
37	1314
38	1324
39	1318
40	1325
41	1335
42	1337
43	1355
44	1378
45	1420
46	1473
47	1585
48	1746
49	1901
50	2054
51	2094
52	2052
53	1968
54	1826
55	1661
56	1519
57	1437
58	1384
59	1353
60	1357
61	1351
62	1324
63	1303
64	1312
65	1318
66	1318
67	1306
68	1310
69	1308
70	1322
71	1332
72	1334
73	1338
74	1356
75	1384
76	1425
77	1484
78	1597
79	1757
80	1930
81	2081
82	2186
83	2164
84	2082
85	1974
86	1829
87	1668
88	1519
89	1434
90	1384
91	1358
92	1351
93	1364
94	1348
95	1309
96	1291
97	1306
98	1317
99	1323
100	1305
101	1309
102	1371
103	1312
104	1327
105	1338
106	1334
107	1339
108	1350
109	1380
110	1426
111	1439
112	1522
113	1651
114	1805
115	1961
116	2135
117	2240
118	2228
119	2148
120	2060
121	1955
122	1809
123	1649
124	1528
125	1437
126	1381
127	1362
128	1346
129	1349
130	1373
131	1347
132	1307
133	1290
134	1288
135	1315
136	1336
137	1317
138	1299
139	1303
140	1292
141	1303
142	1317
143	1342
144	1335
145	1325
146	1321
147	1339
148	1373
149	1402
150	1427
151	1451
152	1529
153	1654
154	1809
155	1947
156	2079
157	2243
158	2328
159	2272
160	2214
161	2127
162	2065
163	1940
164	1785
165	1633
166	1532
167	1446
168	1401
169	1379
170	1350
171	1333
172	1350
173	1369
174	1372
175	1337
176	1295
177	1278
178	1284
179	1300
180	1337
181	1343
182	1307
183	1293
184	1291
185	1312
186	1307
187	1297
188	1316
189	1338
190	1338
191	1336
192	1311
193	1304
194	1313
195	1344
196	1378
197	1413
198	1413
199	1425
200	1470
201	1532
202	1647
203	1791
204	1914
205	2007
206	2170
207	2309
208	2448
209	2435
210	2328
211	2279
212	2212
213	2203
214	2111
215	2010
216	1884
217	1737
218	1633
219	1545
220	1464
221	1416
222	1384
223	1367
224	1349
225	1339
226	1336
227	1338
228	1370
229	1396
230	1398
231	1356
232	1297
233	1287
234	1277
235	1272
236	1277
237	1297
238	1332
239	1364
240	1359
241	1314
242	1288
243	1281
244	1298
245	1308
246	1309
247	1294
248	1295
249	1299
250	1316
251	1348
252	1358
253	1358
254	1350
255	1318
256	1305
257	1299
258	1299
259	1311
260	1325
261	1347
262	1376
263	1417
264	1437
265	1420
266	1422
267	1422
268	1425
269	1455
270	1497
271	1576
272	1631
273	1748
274	1873
275	1989
276	2006
277	2019
278	2123
279	2267
280	2354
281	2453
282	2583
283	2675
284	2626
285	2520
286	2445
287	2429
288	2416
289	2323
290	2285
291	2322
292	2346
293	2292
294	2206
295	2134
296	2101
297	2054
298	1960
299	1845
300	1765
301	1711
302	1675
303	1626
304	1572
305	1520
306	1475
307	1445
308	1437
309	1424
310	1426
311	1396
312	1381
313	1369
314	1367
315	1361
316	1351
317	1352
318	1341
319	1336
320	1331
321	1337
322	1321
323	1323
324	1333
325	1328
326	1339
327	1347
328	1362
329	1389
330	1416
331	1444
332	1447
333	1457
334	1450
335	1440
336	1409
337	1389
338	1360
339	1332
340	1307
341	1306
342	1289
343	1283
344	1280
345	1271
346	1272
347	1265
348	1264
349	1265
350	1262
351	1264
352	1268
353	1262
354	1267
355	1260
356	1251
357	1264
358	1258
359	1258
360	1263
361	1262
362	1256
363	1256
364	1262
365	1264
366	1262
367	1259
368	1257
369	1255
370	1256
371	1266
372	1260
373	1258
374	1256
375	1258
376	1260
377	1269
378	1259
379	1257
380	1260
381	1255
382	1251
383	1257
384	1261
385	1259
386	1259
387	1262
388	1259
389	1252
390	1261
391	1257
392	1257
393	1260
394	1262
395	1257
396	1257
397	1262
398	1263
399	1270
400	1272
401	1266
402	1268
403	1281
404	1287
405	1280
406	1298
407	1308
408	1324
409	1342
410	1371
411	1398
412	1408
413	1442
414	1441
415	1433
416	1416
417	1406
418	1388
419	1369
420	1348
421	1348
422	1333
423	1329
424	1317
425	1321
426	1326
427	1317
428	1309
429	1331
430	1333
431	1348
432	1346
433	1356
434	1357
435	1367
436	1367
437	1387
438	1394
439	1413
440	1442
441	1458
442	1494
443	1541
444	1595
445	1643
446	1699
447	1729
448	1809
449	1908
450	1994
451	2042
452	2107
453	2172
454	2239
455	2278
456	2281
457	2268
458	2294
459	2332
460	2370
461	2402
462	2458
463	2535
464	2554
465	2510
466	2421
467	2311
468	2211
469	2102
470	2016
471	1963
472	1927
473	1860
474	1742
475	1651
476	1573
477	1514
478	1455
479	1426
480	1407
481	1401
482	1404
483	1413
484	1397
485	1371
486	1348
487	1324
488	1305
489	1297
490	1282
491	1291
492	1300
493	1313
494	1335
495	1332
496	1323
497	1304
498	1298
499	1279
500	1274
501	1286
502	1293
503	1276
504	1272
505	1268
506	1292
507	1311
508	1327
509	1321
510	1290
511	1272
512	1257
513	1254
514	1259
515	1267
516	1303
517	1330
518	1349
519	1344
520	1312
521	1311
522	1306
523	1310
524	1320
525	1329
526	1354
527	1389
528	1433
529	1515
530	1595
531	1713
532	1824
533	1926
534	2005
535	2046
536	2081
537	2133
538	2191
539	2200
540	2163
541	2069
542	1956
543	1855
544	1757
545	1647
546	1541
547	1463
548	1401
549	1388
550	1376
551	1363
552	1338
553	1310
554	1288
555	1289
556	1288
557	1300
558	1306
559	1301
560	1268
561	1269
562	1266
563	1263
564	1261
565	1261
566	1282
567	1290
568	1288
569	1265
570	1253
571	1254
572	1279
573	1304
574	1321
575	1322
576	1302
577	1300
578	1308
579	1320
580	1355
581	1404
582	1476
583	1583
584	1710
585	1828
586	1904
587	1969
588	2019
589	2072
590	2070
591	2003
592	1886
593	1772
594	1642
595	1530
596	1437
597	1392
598	1367
599	1352
600	1322
601	1297
602	1273
603	1288
604	1295
605	1285
606	1272
607	1272
608	1263
609	1260
610	1273
611	1278
612	1276
613	1264
614	1249
615	1258
616	1272
617	1301
618	1310
619	1299
620	1297
621	1297
622	1323
623	1368
624	1458
625	1567
626	1698
627	1812
628	1886
629	1942
630	2012
631	1978
632	1888
633	1757
634	1632
635	1502
636	1407
637	1377
638	1347
639	1317
640	1296
641	1281
642	1276
643	1288
644	1278
645	1265
646	1263
647	1266
648	1263
649	1277
650	1275
651	1254
652	1245
653	1270
654	1289
655	1294
656	1289
657	1301
658	1312
659	1352
660	1436
661	1546
662	1675
663	1773
664	1848
665	1897
666	1898
667	1818
668	1694
669	1558
670	1459
671	1382
672	1352
673	1319
674	1286
675	1274
676	1272
677	1282
678	1272
679	1253
680	1258
681	1259
682	1262
683	1262
684	1251
685	1252
686	1265
687	1279
688	1278
689	1282
690	1301
691	1347
692	1427
693	1547
694	1667
695	1758
696	1831
697	1855
698	1808
699	1692
700	1558
701	1453
702	1372
703	1334
704	1308
705	1276
706	1274
707	1270
708	1265
709	1257
710	1251
711	1264
712	1259
713	1255
714	1244
715	1249
716	1271
717	1279
718	1276
719	1293
720	1334
721	1403
722	1535
723	1643
724	1718
725	1787
726	1783
727	1711
728	1590
729	1474
730	1384
731	1339
732	1296
733	1284
734	1273
735	1267
736	1260
737	1246
738	1245
739	1255
740	1255
741	1243
742	1263
743	1268
744	1271
745	1277
746	1318
747	1320
748	1417
749	1533
750	1650
751	1720
752	1758
753	1724
754	1602
755	1476
756	1392
757	1338
758	1308
759	1284
760	1271
761	1258
762	1262
763	1250
764	1257
765	1267
