6.933222238858564174e-03
4.433304288774610018e-03
6.933222238858564174e-03
4.399971605663161901e-03
6.799895192241104357e-03
4.733297984573944968e-03
6.799895192241104357e-03
4.666632790566101717e-03
6.799895192241104357e-03
4.666632790566101717e-03
6.866558746065474193e-03
4.633300177970272118e-03
6.866558746065474193e-03
4.599967555078586338e-03
6.866558746065474193e-03
4.566634921965110130e-03
6.799895192241104357e-03
4.533302278703910115e-03
6.899890500127955212e-03
4.499969625369050312e-03
6.933222238858564174e-03
4.466636962034595607e-03
