6.466576528385074331e-03
5.199953131427058686e-03
6.133256427612348433e-03
5.633273744233377456e-03
6.166588500240279512e-03
5.566609168192502601e-03
6.233252604314097785e-03
5.499944542673213324e-03
6.233252604314097785e-03
5.466612211544313350e-03
6.299916652984816415e-03
5.433279868267992287e-03
6.333248656358869688e-03
5.399947512918310683e-03
6.366580645659978763e-03
5.366615145569328220e-03
6.399912620814086558e-03
5.299950375169706386e-03
6.433244581747136863e-03
5.233285557661621588e-03
