CCDOps Exported Profile Report
Image: C:\Users\George Brown\Desktop\AMJ-zeeman\180Run11image.JPG
Average of Rows 239 through 265
Column	Value (ADU)
1	1438
2	1464
3	1486
4	1478
5	1469
6	1451
7	1444
8	1441
9	1442
10	1464
11	1461
12	1430
13	1390
14	1367
15	1344
16	1346
17	1351
18	1375
19	1396
20	1385
21	1378
22	1365
23	1347
24	1354
25	1349
26	1354
27	1364
28	1405
29	1446
30	1466
31	1454
32	1457
33	1447
34	1445
35	1444
36	1443
37	1445
38	1473
39	1465
40	1437
41	1388
42	1362
43	1346
44	1331
45	1340
46	1359
47	1373
48	1389
49	1385
50	1377
51	1360
52	1345
53	1346
54	1347
55	1348
56	1364
57	1394
58	1437
59	1463
60	1473
61	1454
62	1441
63	1445
64	1448
65	1442
66	1440
67	1454
68	1469
69	1475
70	1462
71	1420
72	1378
73	1352
74	1330
75	1326
76	1335
77	1358
78	1379
79	1392
80	1396
81	1389
82	1367
83	1353
84	1339
85	1341
86	1339
87	1348
88	1354
89	1377
90	1427
91	1472
92	1485
93	1480
94	1447
95	1440
96	1446
97	1458
98	1460
99	1451
100	1440
101	1461
102	1549
103	1488
104	1455
105	1416
106	1386
107	1359
108	1333
109	1315
110	1332
111	1347
112	1356
113	1379
114	1402
115	1409
116	1393
117	1375
118	1362
119	1344
120	1335
121	1341
122	1343
123	1339
124	1359
125	1369
126	1404
127	1460
128	1508
129	1507
130	1481
131	1458
132	1450
133	1457
134	1479
135	1486
136	1480
137	1459
138	1455
139	1464
140	1494
141	1529
142	1511
143	1475
144	1435
145	1397
146	1364
147	1333
148	1324
149	1316
150	1326
151	1341
152	1368
153	1377
154	1407
155	1416
156	1416
157	1401
158	1386
159	1370
160	1353
161	1346
162	1333
163	1339
164	1342
165	1351
166	1359
167	1355
168	1371
169	1410
170	1480
171	1544
172	1554
173	1537
174	1486
175	1470
176	1464
177	1466
178	1476
179	1504
180	1508
181	1506
182	1479
183	1472
184	1460
185	1482
186	1521
187	1565
188	1570
189	1530
190	1480
191	1443
192	1420
193	1384
194	1348
195	1325
196	1318
197	1322
198	1314
199	1340
200	1338
201	1356
202	1374
203	1409
204	1427
205	1446
206	1443
207	1416
208	1400
209	1388
210	1378
211	1370
212	1350
213	1339
214	1331
215	1328
216	1342
217	1344
218	1348
219	1348
220	1352
221	1349
222	1361
223	1386
224	1433
225	1501
226	1570
227	1587
228	1591
229	1564
230	1517
231	1483
232	1457
233	1456
234	1457
235	1464
236	1480
237	1507
238	1517
239	1516
240	1522
241	1501
242	1488
243	1471
244	1453
245	1449
246	1465
247	1493
248	1558
249	1601
250	1616
251	1593
252	1563
253	1537
254	1499
255	1460
256	1432
257	1413
258	1395
259	1381
260	1349
261	1317
262	1312
263	1314
264	1307
265	1307
266	1308
267	1313
268	1326
269	1336
270	1351
271	1350
272	1355
273	1362
274	1389
275	1415
276	1430
277	1448
278	1455
279	1457
280	1450
281	1433
282	1413
283	1410
284	1406
285	1407
286	1395
287	1379
288	1381
289	1374
290	1365
291	1356
292	1340
293	1337
294	1324
295	1327
296	1326
297	1323
298	1330
299	1332
300	1339
301	1345
302	1346
303	1345
304	1359
305	1361
306	1360
307	1357
308	1356
309	1349
310	1370
311	1337
312	1338
313	1344
314	1342
315	1355
316	1364
317	1386
318	1396
319	1411
320	1441
321	1471
322	1514
323	1555
324	1598
325	1622
326	1638
327	1643
328	1643
329	1630
330	1620
331	1621
332	1610
333	1600
334	1593
335	1578
336	1566
337	1552
338	1539
339	1518
340	1502
341	1498
342	1481
343	1476
344	1482
345	1475
346	1472
347	1465
348	1455
349	1457
350	1450
351	1456
352	1453
353	1455
354	1449
355	1452
356	1451
357	1451
358	1449
359	1448
360	1449
361	1451
362	1451
363	1450
364	1447
365	1455
366	1457
367	1447
368	1455
369	1450
370	1450
371	1452
372	1451
373	1450
374	1443
375	1443
376	1450
377	1454
378	1459
379	1455
380	1458
381	1451
382	1456
383	1453
384	1455
385	1456
386	1450
387	1450
388	1458
389	1459
390	1460
391	1447
392	1453
393	1453
394	1456
395	1451
396	1459
397	1467
398	1461
399	1470
400	1464
401	1466
402	1473
403	1488
404	1491
405	1512
406	1523
407	1572
408	1548
409	1563
410	1571
411	1587
412	1605
413	1604
414	1610
415	1625
416	1631
417	1634
418	1631
419	1618
420	1579
421	1556
422	1520
423	1481
424	1440
425	1429
426	1400
427	1374
428	1356
429	1349
430	1344
431	1329
432	1326
433	1331
434	1336
435	1321
436	1327
437	1331
438	1343
439	1336
440	1325
441	1324
442	1328
443	1322
444	1316
445	1315
446	1322
447	1299
448	1310
449	1308
450	1310
451	1307
452	1315
453	1313
454	1331
455	1337
456	1346
457	1353
458	1355
459	1360
460	1368
461	1377
462	1373
463	1386
464	1394
465	1402
466	1409
467	1406
468	1407
469	1384
470	1370
471	1359
472	1343
473	1333
474	1330
475	1327
476	1316
477	1305
478	1294
479	1294
480	1292
481	1286
482	1284
483	1295
484	1308
485	1317
486	1336
487	1355
488	1360
489	1391
490	1403
491	1435
492	1455
493	1473
494	1504
495	1492
496	1477
497	1450
498	1429
499	1407
500	1398
501	1402
502	1413
503	1415
504	1437
505	1447
506	1450
507	1436
508	1427
509	1418
510	1407
511	1404
512	1401
513	1396
514	1419
515	1445
516	1476
517	1501
518	1495
519	1477
520	1435
521	1392
522	1349
523	1324
524	1317
525	1311
526	1314
527	1305
528	1309
529	1301
530	1287
531	1290
532	1307
533	1311
534	1312
535	1323
536	1341
537	1338
538	1353
539	1367
540	1374
541	1363
542	1350
543	1334
544	1317
545	1314
546	1296
547	1295
548	1285
549	1283
550	1287
551	1311
552	1325
553	1344
554	1371
555	1398
556	1424
557	1431
558	1430
559	1415
560	1383
561	1373
562	1377
563	1385
564	1395
565	1412
566	1405
567	1391
568	1381
569	1380
570	1380
571	1409
572	1433
573	1444
574	1439
575	1417
576	1368
577	1327
578	1309
579	1300
580	1302
581	1292
582	1287
583	1280
584	1287
585	1293
586	1301
587	1321
588	1322
589	1332
590	1351
591	1355
592	1338
593	1308
594	1299
595	1286
596	1278
597	1274
598	1284
599	1297
600	1312
601	1354
602	1367
603	1390
604	1405
605	1394
606	1364
607	1361
608	1368
609	1379
610	1386
611	1368
612	1369
613	1354
614	1364
615	1379
616	1395
617	1406
618	1381
619	1351
620	1315
621	1300
622	1291
623	1279
624	1280
625	1277
626	1285
627	1301
628	1311
629	1316
630	1339
631	1323
632	1320
633	1306
634	1290
635	1294
636	1273
637	1280
638	1290
639	1308
640	1333
641	1364
642	1380
643	1369
644	1360
645	1358
646	1358
647	1370
648	1367
649	1357
650	1357
651	1357
652	1359
653	1386
654	1378
655	1357
656	1319
657	1296
658	1290
659	1280
660	1280
661	1275
662	1276
663	1291
664	1306
665	1320
666	1318
667	1316
668	1301
669	1283
670	1281
671	1272
672	1280
673	1296
674	1315
675	1344
676	1363
677	1363
678	1357
679	1355
680	1354
681	1359
682	1355
683	1339
684	1348
685	1366
686	1369
687	1359
688	1328
689	1294
690	1289
691	1282
692	1303
693	1293
694	1306
695	1301
696	1303
697	1312
698	1306
699	1298
700	1289
701	1279
702	1281
703	1274
704	1301
705	1328
706	1352
707	1353
708	1353
709	1339
710	1345
711	1347
712	1350
713	1340
714	1343
715	1362
716	1358
717	1334
718	1296
719	1292
720	1284
721	1268
722	1273
723	1274
724	1293
725	1303
726	1310
727	1294
728	1288
729	1288
730	1269
731	1280
732	1300
733	1326
734	1344
735	1339
736	1336
737	1328
738	1338
739	1351
740	1331
741	1341
742	1353
743	1348
744	1326
745	1299
746	1312
747	1276
748	1267
749	1270
750	1284
751	1296
752	1309
753	1299
754	1294
755	1276
756	1266
757	1272
758	1293
759	1327
760	1341
761	1338
762	1341
763	1350
764	1352
765	1352
