CCDOps Exported Profile Report
Image: C:\Users\George Brown\Desktop\AMJ-zeeman\180BRun1.JPG
Average of Rows 236 through 262
Column	Value (ADU)
1	1267
2	1262
3	1262
4	1260
5	1265
6	1264
7	1257
8	1262
9	1254
10	1263
11	1267
12	1293
13	1333
14	1400
15	1459
16	1501
17	1521
18	1537
19	1550
20	1531
21	1477
22	1405
23	1348
24	1303
25	1277
26	1264
27	1258
28	1254
29	1253
30	1254
31	1257
32	1263
33	1252
34	1253
35	1249
36	1253
37	1255
38	1261
39	1266
40	1280
41	1319
42	1371
43	1445
44	1496
45	1527
46	1544
47	1560
48	1552
49	1517
50	1477
51	1403
52	1348
53	1307
54	1271
55	1255
56	1249
57	1255
58	1253
59	1249
60	1253
61	1245
62	1251
63	1242
64	1243
65	1249
66	1246
67	1244
68	1246
69	1243
70	1267
71	1281
72	1317
73	1382
74	1444
75	1511
76	1536
77	1553
78	1564
79	1571
80	1568
81	1536
82	1475
83	1400
84	1331
85	1288
86	1263
87	1258
88	1250
89	1243
90	1247
91	1236
92	1244
93	1248
94	1241
95	1241
96	1245
97	1246
98	1243
99	1244
100	1241
101	1244
102	1313
103	1246
104	1255
105	1270
106	1303
107	1353
108	1411
109	1487
110	1555
111	1553
112	1563
113	1573
114	1586
115	1596
116	1575
117	1521
118	1458
119	1392
120	1333
121	1287
122	1257
123	1253
124	1245
125	1242
126	1240
127	1246
128	1242
129	1232
130	1238
131	1233
132	1239
133	1240
134	1238
135	1237
136	1236
137	1236
138	1237
139	1242
140	1236
141	1239
142	1247
143	1259
144	1259
145	1282
146	1321
147	1368
148	1447
149	1527
150	1587
151	1597
152	1601
153	1595
154	1615
155	1627
156	1650
157	1632
158	1584
159	1520
160	1452
161	1382
162	1330
163	1284
164	1262
165	1247
166	1252
167	1240
168	1247
169	1235
170	1232
171	1241
172	1234
173	1241
174	1234
175	1232
176	1238
177	1240
178	1235
179	1245
180	1235
181	1233
182	1229
183	1241
184	1235
185	1239
186	1239
187	1227
188	1239
189	1239
190	1234
191	1250
192	1259
193	1273
194	1303
195	1349
196	1418
197	1495
198	1566
199	1624
200	1637
201	1616
202	1619
203	1615
204	1630
205	1646
206	1675
207	1682
208	1691
209	1646
210	1595
211	1539
212	1484
213	1411
214	1368
215	1319
216	1274
217	1257
218	1240
219	1238
220	1240
221	1235
222	1244
223	1250
224	1230
225	1225
226	1232
227	1226
228	1230
229	1236
230	1232
231	1240
232	1222
233	1223
234	1227
235	1237
236	1238
237	1246
238	1236
239	1232
240	1237
241	1224
242	1229
243	1228
244	1221
245	1234
246	1235
247	1229
248	1235
249	1230
250	1225
251	1230
252	1226
253	1230
254	1235
255	1241
256	1236
257	1245
258	1249
259	1244
260	1262
261	1280
262	1320
263	1353
264	1388
265	1429
266	1493
267	1552
268	1599
269	1660
270	1681
271	1670
272	1625
273	1626
274	1642
275	1640
276	1628
277	1640
278	1639
279	1635
280	1655
281	1685
282	1700
283	1728
284	1765
285	1756
286	1722
287	1698
288	1672
289	1649
290	1599
291	1558
292	1523
293	1489
294	1471
295	1439
296	1407
297	1391
298	1366
299	1334
300	1306
301	1277
302	1256
303	1256
304	1244
305	1236
306	1237
307	1238
308	1238
309	1232
310	1243
311	1231
312	1226
313	1225
314	1224
315	1234
316	1233
317	1255
318	1253
319	1250
320	1241
321	1244
322	1226
323	1225
324	1226
325	1217
326	1216
327	1218
328	1215
329	1219
330	1217
331	1221
332	1218
333	1218
334	1226
335	1220
336	1226
337	1229
338	1231
339	1224
340	1231
341	1232
342	1227
343	1232
344	1233
345	1231
346	1235
347	1232
348	1233
349	1233
350	1232
351	1230
352	1230
353	1229
354	1219
355	1227
356	1218
357	1221
358	1214
359	1216
360	1215
361	1211
362	1210
363	1208
364	1214
365	1209
366	1209
367	1211
368	1207
369	1212
370	1206
371	1211
372	1213
373	1212
374	1209
375	1208
376	1212
377	1214
378	1212
379	1210
380	1219
381	1211
382	1213
383	1216
384	1214
385	1222
386	1218
387	1224
388	1227
389	1222
390	1225
391	1228
392	1232
393	1232
394	1230
395	1227
396	1223
397	1232
398	1232
399	1225
400	1224
401	1224
402	1221
403	1217
404	1214
405	1223
406	1226
407	1222
408	1215
409	1219
410	1215
411	1213
412	1214
413	1215
414	1208
415	1210
416	1212
417	1215
418	1217
419	1228
420	1232
421	1240
422	1239
423	1238
424	1235
425	1235
426	1229
427	1220
428	1219
429	1220
430	1221
431	1226
432	1224
433	1223
434	1231
435	1223
436	1225
437	1225
438	1238
439	1251
440	1263
441	1293
442	1306
443	1335
444	1356
445	1383
446	1397
447	1418
448	1452
449	1468
450	1499
451	1537
452	1570
453	1598
454	1613
455	1643
456	1671
457	1666
458	1650
459	1622
460	1603
461	1581
462	1565
463	1565
464	1572
465	1581
466	1583
467	1583
468	1580
469	1578
470	1587
471	1580
472	1562
473	1534
474	1494
475	1448
476	1396
477	1359
478	1326
479	1302
480	1265
481	1247
482	1237
483	1231
484	1227
485	1219
486	1215
487	1218
488	1217
489	1212
490	1215
491	1213
492	1214
493	1217
494	1219
495	1214
496	1212
497	1211
498	1211
499	1211
500	1204
501	1207
502	1207
503	1210
504	1213
505	1220
506	1216
507	1215
508	1210
509	1205
510	1201
511	1208
512	1213
513	1211
514	1212
515	1212
516	1209
517	1217
518	1214
519	1227
520	1215
521	1212
522	1217
523	1216
524	1225
525	1240
526	1262
527	1297
528	1333
529	1380
530	1421
531	1470
532	1501
533	1535
534	1551
535	1541
536	1529
537	1514
538	1508
539	1515
540	1513
541	1509
542	1505
543	1464
544	1424
545	1365
546	1322
547	1286
548	1251
549	1234
550	1223
551	1217
552	1219
553	1207
554	1210
555	1207
556	1209
557	1207
558	1209
559	1203
560	1201
561	1201
562	1199
563	1207
564	1210
565	1211
566	1204
567	1208
568	1194
569	1204
570	1207
571	1200
572	1210
573	1213
574	1209
575	1215
576	1204
577	1222
578	1232
579	1252
580	1286
581	1332
582	1371
583	1426
584	1466
585	1494
586	1484
587	1466
588	1473
589	1462
590	1468
591	1464
592	1439
593	1386
594	1324
595	1288
596	1251
597	1233
598	1221
599	1221
600	1207
601	1210
602	1204
603	1203
604	1197
605	1196
606	1202
607	1200
608	1209
609	1200
610	1205
611	1202
612	1201
613	1199
614	1195
615	1198
616	1202
617	1208
618	1218
619	1220
620	1224
621	1246
622	1281
623	1323
624	1373
625	1415
626	1447
627	1454
628	1442
629	1440
630	1452
631	1433
632	1413
633	1365
634	1313
635	1264
636	1233
637	1223
638	1217
639	1207
640	1209
641	1205
642	1198
643	1199
644	1199
645	1197
646	1209
647	1203
648	1206
649	1198
650	1202
651	1208
652	1203
653	1206
654	1207
655	1211
656	1215
657	1240
658	1275
659	1311
660	1365
661	1399
662	1420
663	1430
664	1423
665	1413
666	1405
667	1380
668	1328
669	1277
670	1251
671	1228
672	1211
673	1210
674	1202
675	1201
676	1190
677	1200
678	1207
679	1209
680	1206
681	1198
682	1194
683	1200
684	1201
685	1198
686	1202
687	1206
688	1218
689	1238
690	1271
691	1325
692	1378
693	1401
694	1415
695	1402
696	1404
697	1401
698	1372
699	1328
700	1272
701	1241
702	1234
703	1213
704	1203
705	1200
706	1196
707	1195
708	1203
709	1206
710	1201
711	1196
712	1199
713	1205
714	1204
715	1200
716	1208
717	1212
718	1235
719	1277
720	1315
721	1357
722	1393
723	1389
724	1392
725	1395
726	1375
727	1332
728	1283
729	1246
730	1216
731	1219
732	1206
733	1209
734	1197
735	1200
736	1203
737	1201
738	1192
739	1205
740	1202
741	1202
742	1208
743	1206
744	1208
745	1231
746	1300
747	1326
748	1356
749	1379
750	1392
751	1387
752	1377
753	1345
754	1284
755	1255
756	1221
757	1208
758	1209
759	1205
760	1203
761	1199
762	1203
763	1198
764	1205
765	1205
