CCDOps Exported Profile Report
Image: C:\Users\George Brown\Desktop\AMJ-zeeman\90Run5Image.JPG
Average of Rows 239 through 265
Column	Value (ADU)
1	1335
2	1323
3	1321
4	1318
5	1325
6	1316
7	1313
8	1307
9	1301
10	1306
11	1317
12	1334
13	1356
14	1395
15	1418
16	1450
17	1518
18	1555
19	1566
20	1529
21	1477
22	1438
23	1410
24	1379
25	1342
26	1338
27	1330
28	1320
29	1309
30	1305
31	1301
32	1315
33	1307
34	1309
35	1298
36	1292
37	1301
38	1309
39	1316
40	1324
41	1351
42	1381
43	1410
44	1437
45	1480
46	1546
47	1589
48	1570
49	1530
50	1475
51	1440
52	1406
53	1382
54	1342
55	1331
56	1328
57	1317
58	1302
59	1296
60	1307
61	1294
62	1297
63	1301
64	1303
65	1296
66	1299
67	1287
68	1291
69	1296
70	1310
71	1329
72	1361
73	1400
74	1414
75	1431
76	1462
77	1543
78	1602
79	1606
80	1576
81	1522
82	1462
83	1437
84	1402
85	1379
86	1335
87	1336
88	1335
89	1319
90	1313
91	1302
92	1304
93	1300
94	1289
95	1295
96	1300
97	1307
98	1301
99	1284
100	1283
101	1290
102	1349
103	1288
104	1307
105	1319
106	1348
107	1381
108	1410
109	1415
110	1457
111	1485
112	1566
113	1629
114	1641
115	1612
116	1557
117	1496
118	1467
119	1441
120	1409
121	1381
122	1340
123	1327
124	1334
125	1332
126	1319
127	1310
128	1297
129	1295
130	1293
131	1293
132	1291
133	1307
134	1303
135	1306
136	1299
137	1292
138	1289
139	1292
140	1286
141	1291
142	1292
143	1306
144	1311
145	1338
146	1376
147	1417
148	1435
149	1430
150	1452
151	1482
152	1562
153	1652
154	1712
155	1683
156	1649
157	1592
158	1552
159	1495
160	1468
161	1461
162	1429
163	1394
164	1358
165	1332
166	1337
167	1345
168	1345
169	1327
170	1309
171	1304
172	1297
173	1295
174	1295
175	1294
176	1293
177	1296
178	1297
179	1317
180	1320
181	1315
182	1300
183	1293
184	1285
185	1289
186	1298
187	1290
188	1295
189	1294
190	1297
191	1303
192	1330
193	1347
194	1380
195	1418
196	1451
197	1447
198	1442
199	1432
200	1464
201	1524
202	1616
203	1708
204	1754
205	1766
206	1716
207	1672
208	1621
209	1574
210	1527
211	1489
212	1483
213	1485
214	1457
215	1438
216	1401
217	1362
218	1325
219	1322
220	1324
221	1347
222	1368
223	1360
224	1326
225	1311
226	1305
227	1296
228	1297
229	1304
230	1305
231	1301
232	1285
233	1291
234	1288
235	1287
236	1287
237	1296
238	1311
239	1323
240	1328
241	1314
242	1298
243	1297
244	1287
245	1281
246	1285
247	1284
248	1288
249	1282
250	1286
251	1290
252	1298
253	1302
254	1299
255	1301
256	1303
257	1310
258	1325
259	1338
260	1354
261	1374
262	1417
263	1451
264	1481
265	1466
266	1454
267	1447
268	1449
269	1424
270	1424
271	1447
272	1481
273	1543
274	1607
275	1679
276	1749
277	1815
278	1836
279	1834
280	1795
281	1768
282	1751
283	1712
284	1674
285	1642
286	1639
287	1615
288	1579
289	1537
290	1505
291	1491
292	1478
293	1496
294	1518
295	1507
296	1500
297	1475
298	1482
299	1475
300	1463
301	1428
302	1396
303	1370
304	1362
305	1343
306	1324
307	1313
308	1298
309	1299
310	1313
311	1312
312	1326
313	1347
314	1370
315	1390
316	1390
317	1388
318	1378
319	1354
320	1345
321	1332
322	1325
323	1317
324	1307
325	1304
326	1298
327	1294
328	1291
329	1289
330	1295
331	1289
332	1290
333	1289
334	1290
335	1291
336	1297
337	1292
338	1291
339	1289
340	1297
341	1295
342	1305
343	1294
344	1297
345	1294
346	1302
347	1295
348	1298
349	1296
350	1296
351	1296
352	1298
353	1300
354	1282
355	1294
356	1294
357	1284
358	1285
359	1286
360	1287
361	1282
362	1285
363	1283
364	1285
365	1282
366	1289
367	1284
368	1283
369	1281
370	1280
371	1287
372	1288
373	1286
374	1282
375	1286
376	1286
377	1285
378	1284
379	1284
380	1293
381	1286
382	1288
383	1290
384	1284
385	1288
386	1283
387	1291
388	1290
389	1291
390	1292
391	1291
392	1291
393	1300
394	1294
395	1295
396	1294
397	1292
398	1290
399	1291
400	1293
401	1278
402	1282
403	1286
404	1287
405	1281
406	1287
407	1332
408	1278
409	1291
410	1284
411	1287
412	1289
413	1286
414	1278
415	1285
416	1291
417	1301
418	1300
419	1315
420	1320
421	1333
422	1337
423	1352
424	1357
425	1368
426	1373
427	1362
428	1345
429	1330
430	1314
431	1293
432	1293
433	1289
434	1291
435	1301
436	1309
437	1325
438	1341
439	1364
440	1387
441	1406
442	1425
443	1437
444	1435
445	1447
446	1462
447	1461
448	1460
449	1453
450	1443
451	1446
452	1471
453	1509
454	1522
455	1554
456	1573
457	1598
458	1625
459	1650
460	1668
461	1697
462	1726
463	1759
464	1738
465	1730
466	1687
467	1629
468	1567
469	1508
470	1467
471	1433
472	1420
473	1412
474	1415
475	1420
476	1423
477	1419
478	1418
479	1394
480	1375
481	1343
482	1326
483	1309
484	1300
485	1286
486	1283
487	1274
488	1276
489	1273
490	1269
491	1262
492	1265
493	1255
494	1271
495	1255
496	1265
497	1259
498	1273
499	1272
500	1276
501	1282
502	1288
503	1279
504	1278
505	1270
506	1264
507	1261
508	1262
509	1259
510	1261
511	1267
512	1260
513	1267
514	1263
515	1261
516	1266
517	1281
518	1288
519	1307
520	1300
521	1303
522	1290
523	1283
524	1297
525	1321
526	1345
527	1376
528	1390
529	1389
530	1399
531	1412
532	1436
533	1472
534	1517
535	1550
536	1588
537	1612
538	1618
539	1599
540	1540
541	1478
542	1434
543	1398
544	1392
545	1381
546	1374
547	1357
548	1335
549	1305
550	1288
551	1271
552	1273
553	1257
554	1267
555	1258
556	1259
557	1254
558	1247
559	1251
560	1257
561	1257
562	1273
563	1262
564	1254
565	1252
566	1247
567	1251
568	1250
569	1252
570	1255
571	1254
572	1260
573	1272
574	1276
575	1291
576	1276
577	1277
578	1295
579	1323
580	1342
581	1359
582	1373
583	1388
584	1412
585	1451
586	1495
587	1528
588	1546
589	1544
590	1493
591	1445
592	1395
593	1378
594	1355
595	1343
596	1322
597	1292
598	1277
599	1267
600	1258
601	1265
602	1245
603	1239
604	1246
605	1246
606	1249
607	1258
608	1253
609	1254
610	1252
611	1238
612	1241
613	1241
614	1253
615	1252
616	1258
617	1269
618	1276
619	1271
620	1280
621	1301
622	1313
623	1342
624	1363
625	1377
626	1414
627	1462
628	1485
629	1504
630	1489
631	1435
632	1394
633	1364
634	1347
635	1327
636	1294
637	1285
638	1260
639	1259
640	1250
641	1249
642	1239
643	1241
644	1246
645	1249
646	1250
647	1246
648	1236
649	1240
650	1247
651	1247
652	1239
653	1256
654	1258
655	1264
656	1270
657	1291
658	1314
659	1335
660	1356
661	1371
662	1419
663	1452
664	1486
665	1457
666	1405
667	1370
668	1349
669	1324
670	1295
671	1275
672	1263
673	1249
674	1243
675	1241
676	1236
677	1253
678	1254
679	1254
680	1245
681	1238
682	1236
683	1243
684	1241
685	1246
686	1255
687	1257
688	1266
689	1280
690	1303
691	1320
692	1358
693	1377
694	1419
695	1455
696	1451
697	1419
698	1372
699	1349
700	1327
701	1284
702	1269
703	1253
704	1248
705	1242
706	1232
707	1242
708	1244
709	1245
710	1240
711	1239
712	1230
713	1238
714	1243
715	1243
716	1251
717	1259
718	1281
719	1298
720	1319
721	1341
722	1379
723	1413
724	1428
725	1423
726	1380
727	1344
728	1319
729	1298
730	1269
731	1257
732	1244
733	1250
734	1236
735	1239
736	1239
737	1231
738	1233
739	1236
740	1237
741	1236
742	1248
743	1257
744	1253
745	1271
746	1320
747	1316
748	1351
749	1379
750	1405
751	1414
752	1389
753	1350
754	1317
755	1294
756	1265
757	1245
758	1247
759	1240
760	1238
761	1243
762	1249
763	1241
764	1241
765	1243
