CCDOps Exported Profile Report
Image: C:\Users\George Brown\Desktop\AMJ-zeeman\90Run6Imgae.JPG
Average of Rows 239 through 265
Column	Value (ADU)
1	1376
2	1359
3	1360
4	1357
5	1359
6	1354
7	1347
8	1337
9	1342
10	1340
11	1348
12	1363
13	1394
14	1426
15	1448
16	1478
17	1534
18	1586
19	1607
20	1564
21	1511
22	1470
23	1442
24	1414
25	1379
26	1374
27	1368
28	1356
29	1348
30	1337
31	1333
32	1348
33	1346
34	1351
35	1341
36	1330
37	1332
38	1342
39	1342
40	1360
41	1381
42	1415
43	1446
44	1465
45	1502
46	1565
47	1625
48	1606
49	1553
50	1513
51	1464
52	1437
53	1413
54	1376
55	1374
56	1361
57	1363
58	1345
59	1330
60	1342
61	1336
62	1336
63	1346
64	1341
65	1332
66	1327
67	1325
68	1329
69	1334
70	1349
71	1356
72	1392
73	1434
74	1441
75	1457
76	1492
77	1564
78	1624
79	1645
80	1606
81	1546
82	1500
83	1476
84	1452
85	1418
86	1382
87	1372
88	1367
89	1354
90	1349
91	1338
92	1332
93	1335
94	1327
95	1330
96	1333
97	1341
98	1332
99	1328
100	1328
101	1330
102	1391
103	1332
104	1340
105	1351
106	1382
107	1422
108	1440
109	1451
110	1475
111	1511
112	1586
113	1662
114	1679
115	1638
116	1583
117	1536
118	1493
119	1473
120	1440
121	1423
122	1377
123	1358
124	1366
125	1373
126	1357
127	1350
128	1334
129	1333
130	1335
131	1324
132	1330
133	1333
134	1343
135	1346
136	1333
137	1327
138	1323
139	1326
140	1328
141	1328
142	1332
143	1336
144	1353
145	1373
146	1409
147	1444
148	1467
149	1475
150	1472
151	1510
152	1590
153	1666
154	1730
155	1724
156	1679
157	1627
158	1575
159	1523
160	1495
161	1481
162	1465
163	1444
164	1396
165	1370
166	1366
167	1369
168	1381
169	1363
170	1341
171	1335
172	1339
173	1339
174	1331
175	1329
176	1330
177	1331
178	1341
179	1359
180	1353
181	1353
182	1335
183	1332
184	1320
185	1331
186	1332
187	1317
188	1331
189	1329
190	1330
191	1339
192	1363
193	1383
194	1410
195	1457
196	1485
197	1487
198	1479
199	1460
200	1481
201	1543
202	1636
203	1727
204	1790
205	1796
206	1753
207	1694
208	1648
209	1610
210	1563
211	1521
212	1506
213	1514
214	1499
215	1480
216	1453
217	1408
218	1379
219	1361
220	1354
221	1371
222	1395
223	1389
224	1368
225	1354
226	1350
227	1330
228	1337
229	1332
230	1330
231	1328
232	1328
233	1325
234	1328
235	1323
236	1322
237	1343
238	1352
239	1369
240	1364
241	1348
242	1340
243	1331
244	1312
245	1324
246	1327
247	1324
248	1325
249	1319
250	1326
251	1333
252	1332
253	1332
254	1328
255	1334
256	1339
257	1349
258	1355
259	1376
260	1392
261	1408
262	1456
263	1487
264	1509
265	1495
266	1483
267	1485
268	1471
269	1456
270	1461
271	1474
272	1496
273	1557
274	1635
275	1708
276	1772
277	1844
278	1875
279	1878
280	1828
281	1802
282	1779
283	1732
284	1691
285	1670
286	1656
287	1643
288	1617
289	1564
290	1531
291	1518
292	1499
293	1519
294	1530
295	1540
296	1531
297	1524
298	1511
299	1508
300	1498
301	1483
302	1451
303	1413
304	1402
305	1383
306	1374
307	1341
308	1343
309	1331
310	1345
311	1345
312	1353
313	1367
314	1407
315	1413
316	1426
317	1420
318	1405
319	1390
320	1381
321	1375
322	1362
323	1367
324	1356
325	1353
326	1337
327	1334
328	1332
329	1327
330	1327
331	1334
332	1328
333	1330
334	1333
335	1331
336	1327
337	1335
338	1325
339	1332
340	1325
341	1332
342	1327
343	1322
344	1327
345	1332
346	1333
347	1327
348	1331
349	1328
350	1328
351	1332
352	1326
353	1326
354	1327
355	1332
356	1327
357	1326
358	1322
359	1328
360	1325
361	1328
362	1326
363	1322
364	1328
365	1328
366	1330
367	1322
368	1323
369	1321
370	1328
371	1320
372	1321
373	1326
374	1326
375	1320
376	1320
377	1324
378	1320
379	1326
380	1331
381	1318
382	1323
383	1325
384	1322
385	1328
386	1328
387	1324
388	1321
389	1328
390	1332
391	1331
392	1327
393	1328
394	1322
395	1326
396	1322
397	1330
398	1323
399	1317
400	1320
401	1325
402	1315
403	1324
404	1319
405	1330
406	1329
407	1368
408	1331
409	1330
410	1327
411	1330
412	1332
413	1336
414	1324
415	1334
416	1338
417	1338
418	1339
419	1349
420	1359
421	1367
422	1364
423	1382
424	1395
425	1401
426	1409
427	1391
428	1374
429	1354
430	1343
431	1329
432	1325
433	1326
434	1328
435	1338
436	1352
437	1359
438	1381
439	1404
440	1434
441	1453
442	1464
443	1466
444	1479
445	1487
446	1501
447	1493
448	1488
449	1483
450	1468
451	1471
452	1503
453	1538
454	1568
455	1579
456	1609
457	1624
458	1651
459	1678
460	1697
461	1742
462	1756
463	1789
464	1795
465	1763
466	1735
467	1669
468	1608
469	1553
470	1505
471	1473
472	1450
473	1438
474	1448
475	1445
476	1449
477	1460
478	1457
479	1441
480	1422
481	1395
482	1361
483	1348
484	1334
485	1324
486	1315
487	1316
488	1309
489	1310
490	1307
491	1305
492	1303
493	1298
494	1314
495	1303
496	1294
497	1296
498	1295
499	1305
500	1312
501	1325
502	1321
503	1325
504	1323
505	1317
506	1305
507	1294
508	1292
509	1290
510	1292
511	1292
512	1302
513	1291
514	1303
515	1304
516	1307
517	1313
518	1330
519	1341
520	1341
521	1341
522	1326
523	1321
524	1332
525	1360
526	1389
527	1412
528	1420
529	1441
530	1433
531	1447
532	1474
533	1503
534	1540
535	1574
536	1610
537	1652
538	1661
539	1639
540	1580
541	1523
542	1468
543	1433
544	1429
545	1419
546	1421
547	1404
548	1372
549	1351
550	1326
551	1310
552	1295
553	1299
554	1293
555	1289
556	1301
557	1284
558	1292
559	1289
560	1288
561	1302
562	1300
563	1307
564	1300
565	1290
566	1290
567	1281
568	1291
569	1287
570	1300
571	1289
572	1297
573	1315
574	1322
575	1322
576	1321
577	1310
578	1327
579	1358
580	1383
581	1399
582	1408
583	1422
584	1443
585	1487
586	1531
587	1560
588	1594
589	1583
590	1543
591	1483
592	1439
593	1416
594	1393
595	1382
596	1357
597	1329
598	1315
599	1303
600	1302
601	1304
602	1286
603	1284
604	1278
605	1276
606	1289
607	1295
608	1293
609	1293
610	1290
611	1284
612	1284
613	1283
614	1283
615	1289
616	1290
617	1313
618	1314
619	1316
620	1319
621	1331
622	1360
623	1374
624	1391
625	1408
626	1452
627	1490
628	1531
629	1553
630	1526
631	1479
632	1433
633	1411
634	1384
635	1356
636	1336
637	1316
638	1298
639	1291
640	1291
641	1282
642	1282
643	1278
644	1279
645	1289
646	1291
647	1282
648	1278
649	1273
650	1280
651	1288
652	1287
653	1296
654	1298
655	1309
656	1306
657	1323
658	1354
659	1367
660	1382
661	1406
662	1444
663	1500
664	1515
665	1499
666	1452
667	1410
668	1387
669	1362
670	1343
671	1308
672	1297
673	1290
674	1291
675	1280
676	1276
677	1282
678	1292
679	1288
680	1284
681	1276
682	1273
683	1271
684	1278
685	1287
686	1294
687	1295
688	1299
689	1322
690	1337
691	1364
692	1398
693	1413
694	1449
695	1481
696	1488
697	1445
698	1410
699	1390
700	1358
701	1324
702	1307
703	1283
704	1279
705	1276
706	1276
707	1267
708	1280
709	1281
710	1277
711	1277
712	1266
713	1277
714	1276
715	1279
716	1290
717	1295
718	1312
719	1335
720	1357
721	1381
722	1413
723	1447
724	1465
725	1455
726	1417
727	1385
728	1357
729	1340
730	1302
731	1296
732	1284
733	1278
734	1271
735	1269
736	1273
737	1274
738	1270
739	1277
740	1281
741	1276
742	1285
743	1287
744	1293
745	1313
746	1362
747	1350
748	1384
749	1421
750	1453
751	1450
752	1430
753	1389
754	1358
755	1332
756	1300
757	1288
758	1282
759	1277
760	1277
761	1280
762	1282
763	1277
764	1281
765	1283
