CCDOps Exported Profile Report
Image: C:\Users\George Brown\Desktop\AMJ-zeeman\90Run7Image.FIT
Average of Rows 239 through 265
Column	Value (ADU)
1	1325
2	1314
3	1317
4	1316
5	1322
6	1316
7	1310
8	1312
9	1308
10	1306
11	1318
12	1344
13	1368
14	1396
15	1420
16	1453
17	1518
18	1563
19	1557
20	1517
21	1461
22	1426
23	1398
24	1373
25	1341
26	1325
27	1312
28	1309
29	1300
30	1297
31	1299
32	1306
33	1312
34	1311
35	1309
36	1296
37	1305
38	1311
39	1316
40	1337
41	1369
42	1396
43	1417
44	1434
45	1482
46	1555
47	1585
48	1554
49	1515
50	1466
51	1433
52	1406
53	1381
54	1338
55	1324
56	1310
57	1300
58	1306
59	1289
60	1295
61	1292
62	1293
63	1313
64	1316
65	1297
66	1300
67	1290
68	1295
69	1295
70	1312
71	1333
72	1363
73	1405
74	1416
75	1436
76	1482
77	1552
78	1610
79	1601
80	1551
81	1504
82	1455
83	1439
84	1408
85	1371
86	1346
87	1332
88	1321
89	1303
90	1303
91	1287
92	1294
93	1291
94	1288
95	1293
96	1305
97	1309
98	1303
99	1292
100	1296
101	1296
102	1349
103	1297
104	1308
105	1327
106	1360
107	1397
108	1410
109	1425
110	1450
111	1490
112	1572
113	1643
114	1633
115	1577
116	1536
117	1486
118	1452
119	1433
120	1417
121	1383
122	1345
123	1319
124	1323
125	1308
126	1294
127	1304
128	1291
129	1287
130	1288
131	1289
132	1300
133	1308
134	1314
135	1307
136	1300
137	1294
138	1286
139	1292
140	1294
141	1300
142	1297
143	1315
144	1334
145	1353
146	1393
147	1430
148	1431
149	1435
150	1454
151	1484
152	1574
153	1662
154	1705
155	1681
156	1631
157	1576
158	1517
159	1476
160	1450
161	1451
162	1428
163	1410
164	1362
165	1342
166	1321
167	1317
168	1319
169	1303
170	1297
171	1293
172	1289
173	1294
174	1289
175	1287
176	1279
177	1284
178	1312
179	1329
180	1331
181	1303
182	1292
183	1295
184	1285
185	1289
186	1298
187	1291
188	1296
189	1295
190	1297
191	1317
192	1333
193	1368
194	1393
195	1440
196	1452
197	1445
198	1432
199	1429
200	1463
201	1528
202	1628
203	1725
204	1755
205	1745
206	1707
207	1652
208	1607
209	1555
210	1505
211	1477
212	1460
213	1474
214	1467
215	1447
216	1426
217	1375
218	1345
219	1315
220	1314
221	1322
222	1325
223	1315
224	1306
225	1292
226	1289
227	1283
228	1284
229	1288
230	1282
231	1280
232	1283
233	1281
234	1278
235	1275
236	1288
237	1304
238	1314
239	1347
240	1329
241	1316
242	1295
243	1283
244	1283
245	1282
246	1284
247	1291
248	1294
249	1284
250	1292
251	1287
252	1290
253	1294
254	1286
255	1294
256	1308
257	1317
258	1334
259	1347
260	1374
261	1402
262	1445
263	1465
264	1466
265	1458
266	1460
267	1451
268	1427
269	1410
270	1419
271	1438
272	1468
273	1533
274	1611
275	1687
276	1748
277	1819
278	1845
279	1830
280	1795
281	1766
282	1728
283	1683
284	1653
285	1632
286	1616
287	1609
288	1567
289	1522
290	1482
291	1461
292	1451
293	1462
294	1488
295	1507
296	1497
297	1486
298	1483
299	1474
300	1480
301	1461
302	1434
303	1409
304	1382
305	1362
306	1349
307	1331
308	1316
309	1299
310	1314
311	1307
312	1305
313	1322
314	1327
315	1345
316	1340
317	1335
318	1328
319	1320
320	1310
321	1306
322	1300
323	1292
324	1295
325	1296
326	1290
327	1285
328	1280
329	1288
330	1281
331	1285
332	1279
333	1283
334	1281
335	1280
336	1278
337	1284
338	1283
339	1278
340	1275
341	1275
342	1276
343	1277
344	1271
345	1273
346	1277
347	1276
348	1276
349	1280
350	1277
351	1283
352	1277
353	1283
354	1278
355	1278
356	1271
357	1280
358	1275
359	1272
360	1276
361	1269
362	1274
363	1273
364	1275
365	1273
366	1271
367	1271
368	1265
369	1270
370	1274
371	1277
372	1277
373	1274
374	1266
375	1269
376	1275
377	1273
378	1275
379	1276
380	1281
381	1269
382	1277
383	1277
384	1277
385	1272
386	1270
387	1275
388	1270
389	1274
390	1280
391	1273
392	1280
393	1280
394	1271
395	1272
396	1277
397	1276
398	1275
399	1268
400	1277
401	1272
402	1273
403	1269
404	1276
405	1280
406	1283
407	1320
408	1272
409	1276
410	1276
411	1277
412	1279
413	1280
414	1279
415	1281
416	1281
417	1282
418	1288
419	1298
420	1298
421	1306
422	1310
423	1316
424	1325
425	1327
426	1331
427	1319
428	1309
429	1299
430	1290
431	1297
432	1298
433	1307
434	1303
435	1320
436	1337
437	1358
438	1375
439	1397
440	1415
441	1437
442	1429
443	1437
444	1442
445	1460
446	1462
447	1436
448	1423
449	1414
450	1423
451	1442
452	1465
453	1495
454	1533
455	1546
456	1570
457	1582
458	1611
459	1642
460	1673
461	1691
462	1729
463	1743
464	1741
465	1710
466	1664
467	1607
468	1544
469	1485
470	1445
471	1411
472	1405
473	1394
474	1410
475	1412
476	1418
477	1424
478	1415
479	1396
480	1375
481	1347
482	1330
483	1312
484	1296
485	1277
486	1286
487	1275
488	1267
489	1262
490	1264
491	1267
492	1266
493	1259
494	1273
495	1264
496	1257
497	1266
498	1251
499	1261
500	1282
501	1285
502	1285
503	1289
504	1283
505	1269
506	1262
507	1258
508	1249
509	1254
510	1251
511	1249
512	1258
513	1252
514	1264
515	1264
516	1255
517	1268
518	1281
519	1284
520	1279
521	1278
522	1281
523	1293
524	1308
525	1337
526	1369
527	1383
528	1388
529	1386
530	1394
531	1402
532	1430
533	1468
534	1509
535	1538
536	1579
537	1608
538	1617
539	1575
540	1518
541	1458
542	1412
543	1384
544	1382
545	1381
546	1375
547	1353
548	1319
549	1306
550	1282
551	1269
552	1267
553	1256
554	1256
555	1251
556	1259
557	1251
558	1257
559	1262
560	1257
561	1265
562	1269
563	1269
564	1256
565	1250
566	1247
567	1245
568	1240
569	1244
570	1249
571	1248
572	1257
573	1261
574	1274
575	1285
576	1274
577	1288
578	1305
579	1336
580	1355
581	1361
582	1368
583	1381
584	1420
585	1453
586	1493
587	1529
588	1545
589	1520
590	1476
591	1412
592	1386
593	1359
594	1354
595	1343
596	1317
597	1296
598	1274
599	1255
600	1250
601	1258
602	1250
603	1245
604	1243
605	1244
606	1255
607	1257
608	1258
609	1247
610	1246
611	1241
612	1241
613	1243
614	1241
615	1255
616	1259
617	1263
618	1269
619	1269
620	1292
621	1313
622	1330
623	1337
624	1358
625	1382
626	1417
627	1466
628	1485
629	1499
630	1475
631	1417
632	1377
633	1353
634	1337
635	1327
636	1290
637	1266
638	1259
639	1249
640	1251
641	1238
642	1235
643	1241
644	1248
645	1251
646	1252
647	1247
648	1243
649	1240
650	1243
651	1246
652	1246
653	1250
654	1247
655	1261
656	1272
657	1301
658	1326
659	1328
660	1357
661	1380
662	1410
663	1455
664	1468
665	1448
666	1402
667	1365
668	1342
669	1329
670	1290
671	1271
672	1259
673	1249
674	1244
675	1240
676	1242
677	1247
678	1253
679	1248
680	1241
681	1242
682	1234
683	1231
684	1244
685	1240
686	1245
687	1261
688	1266
689	1288
690	1310
691	1327
692	1364
693	1385
694	1420
695	1444
696	1439
697	1396
698	1360
699	1339
700	1314
701	1287
702	1267
703	1244
704	1240
705	1241
706	1238
707	1237
708	1243
709	1245
710	1236
711	1233
712	1231
713	1233
714	1239
715	1244
716	1253
717	1261
718	1288
719	1300
720	1328
721	1345
722	1390
723	1419
724	1433
725	1411
726	1360
727	1331
728	1313
729	1289
730	1260
731	1252
732	1238
733	1248
734	1236
735	1234
736	1241
737	1243
738	1237
739	1240
740	1239
741	1241
742	1243
743	1245
744	1259
745	1286
746	1331
747	1321
748	1344
749	1382
750	1411
751	1415
752	1371
753	1339
754	1315
755	1290
756	1257
757	1239
758	1240
759	1246
760	1246
761	1240
762	1244
763	1245
764	1238
765	1241
