CCDOps Exported Profile Report
Image: C:\Users\George Brown\Desktop\AMJ-zeeman\180Run7.FIT
Average of Rows 239 through 265
Column	Value (ADU)
1	1444
2	1456
3	1452
4	1441
5	1431
6	1427
7	1417
8	1413
9	1412
10	1429
11	1441
12	1431
13	1397
14	1378
15	1353
16	1335
17	1343
18	1350
19	1371
20	1384
21	1377
22	1364
23	1344
24	1341
25	1339
26	1354
27	1376
28	1419
29	1451
30	1433
31	1418
32	1411
33	1409
34	1421
35	1413
36	1402
37	1412
38	1438
39	1449
40	1431
41	1402
42	1378
43	1357
44	1340
45	1332
46	1340
47	1357
48	1385
49	1382
50	1371
51	1349
52	1339
53	1338
54	1329
55	1332
56	1368
57	1414
58	1442
59	1440
60	1432
61	1420
62	1401
63	1410
64	1407
65	1412
66	1403
67	1407
68	1424
69	1445
70	1457
71	1426
72	1393
73	1362
74	1338
75	1328
76	1329
77	1334
78	1356
79	1378
80	1402
81	1381
82	1361
83	1356
84	1341
85	1329
86	1338
87	1335
88	1364
89	1406
90	1453
91	1464
92	1450
93	1438
94	1407
95	1407
96	1405
97	1421
98	1424
99	1410
100	1403
101	1417
102	1513
103	1473
104	1457
105	1431
106	1402
107	1372
108	1344
109	1336
110	1326
111	1322
112	1343
113	1358
114	1380
115	1402
116	1399
117	1380
118	1361
119	1337
120	1332
121	1333
122	1326
123	1325
124	1347
125	1393
126	1449
127	1483
128	1487
129	1460
130	1435
131	1415
132	1413
133	1415
134	1427
135	1437
136	1430
137	1421
138	1410
139	1422
140	1441
141	1484
142	1502
143	1488
144	1452
145	1408
146	1381
147	1358
148	1339
149	1331
150	1326
151	1319
152	1329
153	1351
154	1384
155	1413
156	1420
157	1403
158	1387
159	1374
160	1350
161	1343
162	1337
163	1336
164	1331
165	1325
166	1334
167	1365
168	1429
169	1487
170	1528
171	1510
172	1491
173	1468
174	1436
175	1428
176	1426
177	1435
178	1438
179	1453
180	1458
181	1455
182	1451
183	1434
184	1428
185	1437
186	1464
187	1487
188	1541
189	1541
190	1516
191	1476
192	1436
193	1395
194	1378
195	1365
196	1344
197	1331
198	1328
199	1327
200	1316
201	1325
202	1335
203	1371
204	1401
205	1433
206	1449
207	1434
208	1415
209	1385
210	1377
211	1362
212	1349
213	1335
214	1341
215	1334
216	1334
217	1333
218	1319
219	1316
220	1322
221	1354
222	1412
223	1474
224	1531
225	1563
226	1559
227	1535
228	1510
229	1487
230	1458
231	1435
232	1423
233	1422
234	1422
235	1440
236	1445
237	1459
238	1459
239	1469
240	1473
241	1464
242	1447
243	1428
244	1420
245	1417
246	1424
247	1435
248	1455
249	1487
250	1535
251	1575
252	1593
253	1558
254	1526
255	1501
256	1460
257	1432
258	1409
259	1392
260	1372
261	1367
262	1354
263	1343
264	1337
265	1334
266	1334
267	1322
268	1320
269	1309
270	1309
271	1311
272	1320
273	1328
274	1347
275	1370
276	1386
277	1420
278	1436
279	1451
280	1476
281	1462
282	1448
283	1432
284	1415
285	1408
286	1391
287	1392
288	1390
289	1378
290	1371
291	1356
292	1339
293	1332
294	1337
295	1336
296	1342
297	1334
298	1348
299	1338
300	1340
301	1344
302	1339
303	1337
304	1317
305	1309
306	1305
307	1297
308	1296
309	1296
310	1333
311	1336
312	1345
313	1374
314	1396
315	1430
316	1478
317	1526
318	1564
319	1588
320	1599
321	1597
322	1595
323	1591
324	1588
325	1587
326	1578
327	1559
328	1551
329	1540
330	1523
331	1519
332	1498
333	1500
334	1489
335	1495
336	1474
337	1473
338	1462
339	1457
340	1448
341	1443
342	1432
343	1421
344	1421
345	1416
346	1415
347	1414
348	1410
349	1418
350	1407
351	1410
352	1416
353	1412
354	1409
355	1411
356	1418
357	1410
358	1415
359	1419
360	1418
361	1419
362	1422
363	1427
364	1432
365	1422
366	1426
367	1422
368	1419
369	1428
370	1423
371	1431
372	1433
373	1430
374	1425
375	1425
376	1431
377	1423
378	1422
379	1430
380	1435
381	1432
382	1423
383	1422
384	1426
385	1424
386	1422
387	1422
388	1416
389	1413
390	1413
391	1416
392	1416
393	1420
394	1413
395	1413
396	1410
397	1412
398	1420
399	1412
400	1423
401	1424
402	1428
403	1441
404	1445
405	1449
406	1461
407	1512
408	1471
409	1470
410	1473
411	1488
412	1487
413	1500
414	1507
415	1526
416	1525
417	1534
418	1544
419	1554
420	1562
421	1565
422	1575
423	1581
424	1574
425	1563
426	1535
427	1502
428	1473
429	1433
430	1406
431	1386
432	1349
433	1328
434	1312
435	1291
436	1289
437	1287
438	1285
439	1288
440	1296
441	1302
442	1303
443	1307
444	1309
445	1317
446	1322
447	1321
448	1309
449	1305
450	1306
451	1308
452	1311
453	1317
454	1327
455	1328
456	1353
457	1355
458	1359
459	1363
460	1371
461	1386
462	1393
463	1400
464	1406
465	1413
466	1398
467	1389
468	1367
469	1345
470	1338
471	1320
472	1309
473	1297
474	1287
475	1300
476	1287
477	1301
478	1300
479	1310
480	1312
481	1316
482	1318
483	1320
484	1334
485	1341
486	1350
487	1372
488	1379
489	1406
490	1421
491	1447
492	1463
493	1465
494	1463
495	1435
496	1409
497	1391
498	1374
499	1371
500	1367
501	1358
502	1366
503	1374
504	1391
505	1391
506	1396
507	1390
508	1386
509	1382
510	1373
511	1374
512	1357
513	1368
514	1375
515	1390
516	1403
517	1425
518	1448
519	1469
520	1459
521	1439
522	1394
523	1354
524	1321
525	1297
526	1282
527	1283
528	1292
529	1292
530	1288
531	1286
532	1296
533	1301
534	1314
535	1320
536	1331
537	1355
538	1362
539	1363
540	1350
541	1341
542	1326
543	1301
544	1292
545	1287
546	1293
547	1294
548	1293
549	1298
550	1306
551	1314
552	1330
553	1354
554	1379
555	1400
556	1406
557	1405
558	1383
559	1365
560	1346
561	1344
562	1342
563	1350
564	1355
565	1357
566	1356
567	1357
568	1349
569	1346
570	1349
571	1356
572	1370
573	1397
574	1415
575	1417
576	1389
577	1355
578	1317
579	1288
580	1291
581	1280
582	1282
583	1284
584	1286
585	1291
586	1303
587	1320
588	1329
589	1333
590	1343
591	1322
592	1305
593	1290
594	1281
595	1277
596	1275
597	1287
598	1297
599	1310
600	1329
601	1359
602	1372
603	1374
604	1358
605	1348
606	1332
607	1330
608	1328
609	1336
610	1343
611	1338
612	1335
613	1334
614	1330
615	1341
616	1355
617	1381
618	1380
619	1369
620	1332
621	1294
622	1272
623	1270
624	1274
625	1263
626	1274
627	1291
628	1302
629	1308
630	1324
631	1317
632	1302
633	1289
634	1275
635	1280
636	1275
637	1284
638	1301
639	1315
640	1339
641	1353
642	1352
643	1340
644	1324
645	1319
646	1326
647	1321
648	1322
649	1323
650	1324
651	1325
652	1324
653	1339
654	1358
655	1361
656	1339
657	1299
658	1271
659	1265
660	1267
661	1269
662	1280
663	1283
664	1304
665	1312
666	1306
667	1293
668	1279
669	1272
670	1273
671	1281
672	1286
673	1300
674	1326
675	1336
676	1349
677	1333
678	1324
679	1319
680	1316
681	1322
682	1317
683	1320
684	1318
685	1332
686	1339
687	1350
688	1329
689	1299
690	1275
691	1266
692	1274
693	1270
694	1273
695	1291
696	1298
697	1297
698	1291
699	1285
700	1273
701	1271
702	1277
703	1282
704	1304
705	1316
706	1329
707	1326
708	1314
709	1312
710	1308
711	1311
712	1317
713	1312
714	1314
715	1320
716	1337
717	1321
718	1309
719	1273
720	1265
721	1260
722	1277
723	1278
724	1283
725	1299
726	1292
727	1275
728	1263
729	1270
730	1274
731	1286
732	1303
733	1323
734	1319
735	1312
736	1305
737	1300
738	1311
739	1315
740	1310
741	1306
742	1314
743	1325
744	1322
745	1304
746	1305
747	1257
748	1267
749	1270
750	1276
751	1292
752	1292
753	1288
754	1272
755	1265
756	1270
757	1277
758	1295
759	1307
760	1323
761	1304
762	1315
763	1311
764	1314
765	1318
