CCDOps Exported Profile Report
Image: C:\Users\George Brown\Desktop\AMJ-zeeman\180Run8Image.FIT
Average of Rows 239 through 265
Column	Value (ADU)
1	1431
2	1446
3	1448
4	1430
5	1422
6	1411
7	1407
8	1408
9	1404
10	1408
11	1446
12	1429
13	1392
14	1368
15	1336
16	1325
17	1330
18	1345
19	1362
20	1373
21	1370
22	1347
23	1336
24	1336
25	1323
26	1334
27	1356
28	1406
29	1434
30	1427
31	1410
32	1398
33	1407
34	1408
35	1412
36	1404
37	1402
38	1432
39	1450
40	1434
41	1389
42	1364
43	1339
44	1325
45	1325
46	1333
47	1355
48	1376
49	1374
50	1361
51	1345
52	1334
53	1334
54	1326
55	1334
56	1346
57	1397
58	1434
59	1449
60	1434
61	1405
62	1392
63	1404
64	1414
65	1409
66	1402
67	1398
68	1412
69	1441
70	1457
71	1410
72	1377
73	1345
74	1328
75	1323
76	1319
77	1328
78	1351
79	1366
80	1394
81	1375
82	1354
83	1349
84	1330
85	1325
86	1321
87	1329
88	1338
89	1375
90	1431
91	1453
92	1455
93	1427
94	1403
95	1396
96	1401
97	1417
98	1433
99	1404
100	1393
101	1401
102	1500
103	1461
104	1454
105	1425
106	1389
107	1356
108	1338
109	1315
110	1324
111	1321
112	1329
113	1350
114	1381
115	1398
116	1392
117	1366
118	1355
119	1332
120	1325
121	1321
122	1319
123	1316
124	1337
125	1360
126	1419
127	1468
128	1486
129	1470
130	1437
131	1414
132	1405
133	1417
134	1428
135	1440
136	1438
137	1418
138	1408
139	1412
140	1430
141	1470
142	1509
143	1484
144	1445
145	1393
146	1367
147	1347
148	1320
149	1325
150	1317
151	1324
152	1333
153	1347
154	1376
155	1410
156	1413
157	1398
158	1373
159	1365
160	1348
161	1333
162	1325
163	1324
164	1329
165	1324
166	1318
167	1337
168	1379
169	1445
170	1503
171	1531
172	1517
173	1478
174	1437
175	1415
176	1410
177	1420
178	1438
179	1459
180	1473
181	1461
182	1444
183	1417
184	1409
185	1425
186	1451
187	1488
188	1544
189	1531
190	1498
191	1464
192	1414
193	1383
194	1363
195	1343
196	1326
197	1320
198	1319
199	1319
200	1316
201	1320
202	1333
203	1360
204	1385
205	1419
206	1436
207	1425
208	1404
209	1384
210	1369
211	1353
212	1342
213	1331
214	1322
215	1319
216	1330
217	1328
218	1316
219	1310
220	1318
221	1330
222	1363
223	1424
224	1484
225	1546
226	1564
227	1568
228	1542
229	1503
230	1467
231	1430
232	1415
233	1408
234	1399
235	1419
236	1441
237	1455
238	1476
239	1492
240	1493
241	1464
242	1443
243	1424
244	1405
245	1406
246	1410
247	1424
248	1447
249	1496
250	1546
251	1588
252	1593
253	1553
254	1516
255	1493
256	1451
257	1413
258	1396
259	1377
260	1366
261	1352
262	1337
263	1316
264	1319
265	1320
266	1328
267	1319
268	1318
269	1312
270	1308
271	1314
272	1315
273	1321
274	1337
275	1361
276	1380
277	1403
278	1434
279	1453
280	1462
281	1450
282	1438
283	1420
284	1412
285	1397
286	1384
287	1388
288	1378
289	1373
290	1364
291	1353
292	1338
293	1328
294	1323
295	1329
296	1316
297	1327
298	1325
299	1326
300	1330
301	1330
302	1335
303	1324
304	1325
305	1314
306	1306
307	1297
308	1296
309	1292
310	1309
311	1307
312	1316
313	1341
314	1352
315	1382
316	1407
317	1451
318	1486
319	1522
320	1560
321	1588
322	1607
323	1605
324	1603
325	1598
326	1595
327	1592
328	1588
329	1573
330	1574
331	1562
332	1541
333	1520
334	1513
335	1493
336	1493
337	1479
338	1474
339	1459
340	1458
341	1445
342	1428
343	1419
344	1420
345	1416
346	1410
347	1409
348	1406
349	1399
350	1397
351	1405
352	1399
353	1402
354	1391
355	1397
356	1393
357	1393
358	1395
359	1396
360	1398
361	1394
362	1393
363	1397
364	1397
365	1397
366	1405
367	1395
368	1405
369	1403
370	1399
371	1406
372	1409
373	1409
374	1405
375	1400
376	1404
377	1408
378	1402
379	1406
380	1411
381	1400
382	1403
383	1401
384	1399
385	1399
386	1399
387	1397
388	1399
389	1409
390	1397
391	1403
392	1397
393	1406
394	1404
395	1404
396	1411
397	1421
398	1411
399	1414
400	1421
401	1424
402	1425
403	1438
404	1443
405	1451
406	1456
407	1514
408	1469
409	1483
410	1500
411	1500
412	1521
413	1529
414	1543
415	1557
416	1564
417	1573
418	1570
419	1586
420	1591
421	1597
422	1593
423	1579
424	1560
425	1539
426	1496
427	1463
428	1422
429	1395
430	1373
431	1346
432	1324
433	1317
434	1297
435	1284
436	1282
437	1281
438	1292
439	1295
440	1301
441	1313
442	1307
443	1308
444	1306
445	1306
446	1316
447	1310
448	1309
449	1298
450	1306
451	1302
452	1299
453	1318
454	1323
455	1332
456	1346
457	1344
458	1348
459	1356
460	1365
461	1377
462	1387
463	1404
464	1406
465	1412
466	1411
467	1395
468	1377
469	1354
470	1334
471	1323
472	1298
473	1300
474	1298
475	1288
476	1295
477	1300
478	1293
479	1305
480	1291
481	1295
482	1295
483	1305
484	1320
485	1323
486	1338
487	1350
488	1373
489	1393
490	1419
491	1451
492	1465
493	1485
494	1483
495	1456
496	1423
497	1407
498	1382
499	1375
500	1357
501	1359
502	1379
503	1378
504	1403
505	1412
506	1421
507	1404
508	1403
509	1396
510	1376
511	1367
512	1364
513	1364
514	1385
515	1391
516	1418
517	1448
518	1462
519	1481
520	1473
521	1427
522	1384
523	1341
524	1311
525	1287
526	1282
527	1277
528	1289
529	1290
530	1286
531	1285
532	1293
533	1287
534	1310
535	1317
536	1336
537	1343
538	1361
539	1368
540	1352
541	1350
542	1320
543	1301
544	1293
545	1287
546	1282
547	1284
548	1277
549	1281
550	1287
551	1305
552	1326
553	1339
554	1375
555	1395
556	1422
557	1418
558	1401
559	1376
560	1354
561	1349
562	1339
563	1350
564	1363
565	1376
566	1377
567	1362
568	1351
569	1350
570	1347
571	1354
572	1379
573	1413
574	1421
575	1421
576	1390
577	1344
578	1307
579	1283
580	1286
581	1273
582	1275
583	1274
584	1282
585	1289
586	1291
587	1312
588	1327
589	1331
590	1333
591	1332
592	1304
593	1290
594	1272
595	1274
596	1267
597	1276
598	1290
599	1296
600	1312
601	1349
602	1364
603	1381
604	1383
605	1359
606	1341
607	1330
608	1337
609	1345
610	1352
611	1341
612	1344
613	1330
614	1334
615	1347
616	1360
617	1384
618	1395
619	1368
620	1322
621	1289
622	1272
623	1269
624	1271
625	1262
626	1272
627	1283
628	1299
629	1308
630	1319
631	1315
632	1305
633	1280
634	1272
635	1273
636	1265
637	1281
638	1289
639	1307
640	1329
641	1358
642	1365
643	1357
644	1341
645	1327
646	1329
647	1334
648	1341
649	1332
650	1329
651	1326
652	1327
653	1354
654	1367
655	1361
656	1326
657	1296
658	1264
659	1258
660	1264
661	1261
662	1267
663	1280
664	1302
665	1311
666	1302
667	1305
668	1280
669	1270
670	1270
671	1266
672	1271
673	1291
674	1316
675	1334
676	1347
677	1340
678	1332
679	1313
680	1324
681	1327
682	1310
683	1320
684	1311
685	1335
686	1345
687	1353
688	1330
689	1288
690	1268
691	1270
692	1273
693	1267
694	1273
695	1281
696	1295
697	1292
698	1294
699	1276
700	1272
701	1262
702	1271
703	1274
704	1286
705	1324
706	1332
707	1330
708	1309
709	1308
710	1315
711	1326
712	1314
713	1315
714	1316
715	1325
716	1343
717	1330
718	1304
719	1275
720	1263
721	1252
722	1264
723	1266
724	1273
725	1284
726	1292
727	1278
728	1266
729	1262
730	1267
731	1274
732	1290
733	1316
734	1327
735	1315
736	1306
737	1301
738	1308
739	1312
740	1309
741	1305
742	1322
743	1330
744	1328
745	1302
746	1300
747	1257
748	1257
749	1258
750	1271
751	1289
752	1293
753	1285
754	1270
755	1257
756	1262
757	1264
758	1289
759	1322
760	1326
761	1319
762	1310
763	1315
764	1328
765	1322
