CCDOps Exported Profile Report
Image: C:\Users\George Brown\Desktop\AMJ-zeeman\90Run9.JPG
Average of Rows 239 through 265
Column	Value (ADU)
1	1338
2	1325
3	1318
4	1318
5	1320
6	1323
7	1312
8	1309
9	1305
10	1307
11	1311
12	1328
13	1356
14	1379
15	1402
16	1433
17	1485
18	1537
19	1555
20	1519
21	1460
22	1426
23	1402
24	1381
25	1352
26	1339
27	1328
28	1315
29	1307
30	1308
31	1297
32	1307
33	1315
34	1308
35	1299
36	1299
37	1302
38	1304
39	1306
40	1325
41	1344
42	1380
43	1400
44	1418
45	1458
46	1517
47	1574
48	1564
49	1508
50	1461
51	1422
52	1402
53	1388
54	1356
55	1326
56	1319
57	1316
58	1314
59	1306
60	1304
61	1290
62	1292
63	1303
64	1310
65	1304
66	1289
67	1290
68	1297
69	1286
70	1305
71	1325
72	1356
73	1386
74	1400
75	1414
76	1453
77	1516
78	1587
79	1598
80	1560
81	1508
82	1448
83	1421
84	1411
85	1388
86	1353
87	1335
88	1323
89	1314
90	1317
91	1304
92	1297
93	1290
94	1292
95	1296
96	1305
97	1311
98	1302
99	1292
100	1298
101	1291
102	1351
103	1296
104	1301
105	1319
106	1342
107	1371
108	1399
109	1405
110	1419
111	1454
112	1537
113	1608
114	1624
115	1595
116	1528
117	1483
118	1446
119	1423
120	1414
121	1390
122	1364
123	1337
124	1331
125	1319
126	1325
127	1315
128	1312
129	1293
130	1292
131	1292
132	1298
133	1296
134	1312
135	1313
136	1305
137	1295
138	1287
139	1291
140	1289
141	1296
142	1290
143	1300
144	1311
145	1345
146	1384
147	1411
148	1411
149	1420
150	1415
151	1459
152	1531
153	1623
154	1684
155	1687
156	1630
157	1581
158	1520
159	1467
160	1443
161	1431
162	1442
163	1419
164	1390
165	1356
166	1335
167	1324
168	1331
169	1327
170	1325
171	1310
172	1307
173	1297
174	1288
175	1289
176	1297
177	1290
178	1306
179	1323
180	1327
181	1315
182	1306
183	1302
184	1291
185	1294
186	1302
187	1293
188	1291
189	1294
190	1290
191	1306
192	1327
193	1355
194	1375
195	1422
196	1431
197	1430
198	1418
199	1414
200	1431
201	1487
202	1577
203	1680
204	1736
205	1750
206	1705
207	1658
208	1599
209	1564
210	1507
211	1465
212	1435
213	1434
214	1460
215	1455
216	1434
217	1407
218	1365
219	1339
220	1331
221	1323
222	1329
223	1327
224	1331
225	1327
226	1324
227	1312
228	1312
229	1305
230	1293
231	1291
232	1285
233	1287
234	1289
235	1293
236	1289
237	1309
238	1324
239	1333
240	1342
241	1324
242	1305
243	1290
244	1282
245	1285
246	1294
247	1294
248	1303
249	1302
250	1294
251	1288
252	1290
253	1291
254	1284
255	1289
256	1302
257	1310
258	1333
259	1343
260	1364
261	1389
262	1433
263	1446
264	1445
265	1442
266	1447
267	1440
268	1411
269	1394
270	1409
271	1416
272	1451
273	1503
274	1585
275	1654
276	1719
277	1789
278	1840
279	1826
280	1790
281	1753
282	1728
283	1698
284	1653
285	1626
286	1600
287	1598
288	1566
289	1523
290	1481
291	1455
292	1434
293	1426
294	1429
295	1458
296	1476
297	1491
298	1482
299	1466
300	1468
301	1476
302	1466
303	1442
304	1419
305	1384
306	1365
307	1360
308	1333
309	1322
310	1336
311	1319
312	1320
313	1323
314	1332
315	1336
316	1330
317	1325
318	1325
319	1323
320	1328
321	1332
322	1334
323	1325
324	1328
325	1330
326	1329
327	1326
328	1327
329	1322
330	1313
331	1314
332	1313
333	1309
334	1303
335	1309
336	1305
337	1298
338	1302
339	1301
340	1293
341	1287
342	1289
343	1288
344	1287
345	1279
346	1278
347	1287
348	1293
349	1289
350	1284
351	1301
352	1290
353	1295
354	1289
355	1286
356	1292
357	1287
358	1284
359	1284
360	1285
361	1284
362	1288
363	1277
364	1280
365	1280
366	1290
367	1279
368	1280
369	1277
370	1285
371	1282
372	1281
373	1275
374	1275
375	1273
376	1281
377	1280
378	1281
379	1285
380	1288
381	1285
382	1286
383	1281
384	1286
385	1291
386	1286
387	1281
388	1290
389	1295
390	1288
391	1285
392	1288
393	1289
394	1289
395	1284
396	1286
397	1286
398	1282
399	1282
400	1291
401	1285
402	1283
403	1293
404	1295
405	1297
406	1294
407	1346
408	1294
409	1298
410	1303
411	1313
412	1320
413	1316
414	1316
415	1312
416	1317
417	1319
418	1320
419	1327
420	1328
421	1322
422	1311
423	1322
424	1312
425	1312
426	1322
427	1318
428	1311
429	1307
430	1302
431	1308
432	1305
433	1315
434	1323
435	1331
436	1350
437	1381
438	1397
439	1412
440	1424
441	1430
442	1435
443	1446
444	1443
445	1446
446	1444
447	1409
448	1394
449	1390
450	1394
451	1421
452	1447
453	1482
454	1505
455	1528
456	1558
457	1570
458	1606
459	1634
460	1668
461	1689
462	1719
463	1743
464	1747
465	1711
466	1678
467	1615
468	1564
469	1501
470	1443
471	1405
472	1400
473	1391
474	1402
475	1403
476	1407
477	1407
478	1410
479	1396
480	1386
481	1354
482	1335
483	1315
484	1301
485	1287
486	1282
487	1269
488	1269
489	1261
490	1264
491	1267
492	1275
493	1268
494	1277
495	1269
496	1266
497	1266
498	1266
499	1265
500	1275
501	1287
502	1293
503	1288
504	1293
505	1275
506	1280
507	1267
508	1258
509	1253
510	1253
511	1258
512	1263
513	1262
514	1273
515	1277
516	1278
517	1280
518	1287
519	1289
520	1283
521	1292
522	1299
523	1302
524	1319
525	1346
526	1364
527	1383
528	1381
529	1377
530	1366
531	1390
532	1417
533	1451
534	1494
535	1533
536	1570
537	1607
538	1621
539	1591
540	1529
541	1468
542	1417
543	1386
544	1373
545	1375
546	1357
547	1359
548	1337
549	1310
550	1283
551	1268
552	1265
553	1260
554	1250
555	1259
556	1260
557	1259
558	1254
559	1257
560	1251
561	1271
562	1272
563	1270
564	1267
565	1253
566	1249
567	1250
568	1245
569	1253
570	1261
571	1256
572	1270
573	1275
574	1273
575	1277
576	1274
577	1280
578	1308
579	1332
580	1342
581	1351
582	1350
583	1362
584	1392
585	1432
586	1486
587	1531
588	1540
589	1536
590	1487
591	1433
592	1377
593	1361
594	1347
595	1343
596	1316
597	1299
598	1278
599	1264
600	1253
601	1262
602	1247
603	1243
604	1251
605	1244
606	1247
607	1262
608	1257
609	1259
610	1248
611	1239
612	1239
613	1244
614	1245
615	1249
616	1256
617	1271
618	1270
619	1273
620	1287
621	1305
622	1318
623	1333
624	1338
625	1365
626	1395
627	1442
628	1477
629	1501
630	1476
631	1424
632	1383
633	1351
634	1332
635	1321
636	1295
637	1275
638	1254
639	1247
640	1248
641	1245
642	1240
643	1242
644	1246
645	1252
646	1253
647	1243
648	1241
649	1240
650	1240
651	1247
652	1251
653	1253
654	1256
655	1259
656	1271
657	1291
658	1310
659	1323
660	1334
661	1360
662	1397
663	1444
664	1473
665	1457
666	1402
667	1365
668	1343
669	1319
670	1306
671	1274
672	1256
673	1249
674	1238
675	1243
676	1242
677	1249
678	1254
679	1244
680	1246
681	1236
682	1238
683	1243
684	1242
685	1252
686	1247
687	1257
688	1264
689	1287
690	1307
691	1316
692	1340
693	1360
694	1412
695	1439
696	1447
697	1403
698	1366
699	1337
700	1318
701	1285
702	1272
703	1253
704	1239
705	1241
706	1233
707	1237
708	1244
709	1247
710	1239
711	1242
712	1234
713	1237
714	1243
715	1244
716	1248
717	1262
718	1272
719	1302
720	1311
721	1331
722	1363
723	1400
724	1415
725	1412
726	1375
727	1337
728	1315
729	1296
730	1261
731	1253
732	1243
733	1237
734	1230
735	1230
736	1238
737	1237
738	1232
739	1236
740	1237
741	1241
742	1247
743	1249
744	1262
745	1283
746	1324
747	1312
748	1329
749	1370
750	1395
751	1410
752	1388
753	1344
754	1315
755	1285
756	1263
757	1245
758	1239
759	1235
760	1244
761	1245
762	1250
763	1241
764	1234
765	1243
