CCDOps Exported Profile Report
Image: C:\Users\George Brown\Desktop\AMJ-zeeman\WithB\90\10_5900B.FIT
Average of Rows 250 through 262
Column	Value (ADU)
1	5300
2	5569
3	5594
4	4972
5	4104
6	4235
7	4194
8	3542
9	2938
10	2432
11	2179
12	2052
13	2034
14	2042
15	2254
16	2556
17	2480
18	2297
19	2193
20	2125
21	2233
22	2702
23	3602
24	4281
25	4218
26	3897
27	4717
28	5989
29	5851
30	5084
31	4291
32	4136
33	4250
34	4261
35	3493
36	2956
37	2476
38	2246
39	2106
40	2072
41	2055
42	2189
43	2570
44	2660
45	2405
46	2292
47	2183
48	2143
49	2267
50	2806
51	3719
52	4435
53	4426
54	3983
55	4447
56	5840
57	5930
58	5827
59	4993
60	4234
61	4362
62	4473
63	4427
64	3622
65	3072
66	2578
67	2317
68	2138
69	2058
70	2063
71	2079
72	2302
73	2718
74	2729
75	2454
76	2323
77	2219
78	2159
79	2159
80	2539
81	3194
82	4202
83	4700
84	4557
85	4060
86	4513
87	5951
88	6441
89	6442
90	5551
91	4779
92	4219
93	4720
94	4713
95	4591
96	3769
97	3252
98	2733
99	2406
100	2242
101	2110
102	2070
103	2070
104	2099
105	2325
106	2777
107	2909
108	2595
109	2426
110	2349
111	2249
112	2182
113	2213
114	2561
115	3201
116	4233
117	4936
118	4960
119	4499
120	4099
121	4890
122	6378
123	7342
124	6969
125	6054
126	5339
127	4532
128	4392
129	5094
130	5191
131	4900
132	4011
133	3465
134	3042
135	2570
136	2385
137	2230
138	2118
139	2091
140	2093
141	2096
142	2213
143	2519
144	2982
145	3022
146	2691
147	2473
148	2448
149	2302
150	2229
151	2180
152	2234
153	2530
154	3127
155	3952
156	4980
157	5276
158	5216
159	4610
160	4131
161	4692
162	5996
163	7627
164	7638
165	7401
166	6455
167	5857
168	5034
169	4391
170	4762
171	5491
172	5533
173	5453
174	4554
175	3858
176	3512
177	3120
178	2665
179	2455
180	2345
181	2224
182	2133
183	2124
184	2142
185	2124
186	2144
187	2288
188	2639
189	3105
190	3087
191	2999
192	2685
193	2521
194	2500
195	2420
196	2300
197	2217
198	2180
199	2197
200	2360
201	2824
202	3368
203	4037
204	5169
205	5600
206	5609
207	5530
208	4946
209	4368
210	4175
211	5072
212	6307
213	7777
214	8818
215	8503
216	7955
217	6951
218	6315
219	5963
220	5207
221	4527
222	4482
223	5248
224	5955
225	6057
226	6109
227	5535
228	4791
229	4167
230	3712
231	3637
232	3298
233	2901
234	2636
235	2521
236	2481
237	2368
238	2263
239	2192
240	2169
241	2199
242	2207
243	2195
244	2171
245	2186
246	2258
247	2475
248	2803
249	3171
250	3505
251	3505
252	3189
253	2858
254	2640
255	2521
256	2584
257	2614
258	2544
259	2438
260	2376
261	2309
262	2260
263	2243
264	2232
265	2277
266	2392
267	2644
268	3063
269	3485
270	3799
271	4244
272	5199
273	6060
274	6153
275	6062
276	6093
277	6072
278	5862
279	5330
280	4851
281	4423
282	4118
283	4083
284	4695
285	5689
286	6564
287	7292
288	8283
289	9528
290	10156
291	9935
292	9281
293	8779
294	8548
295	8013
296	7210
297	6711
298	6602
299	6584
300	6441
301	5984
302	5381
303	4855
304	4491
305	4331
306	4397
307	4719
308	5389
309	6071
310	6591
311	6771
312	6765
313	6676
314	6659
315	6710
316	6657
317	6473
318	6059
319	5567
320	5103
321	4760
322	4461
323	4228
324	3986
325	3846
326	3739
327	3785
328	3847
329	3848
330	3801
331	3660
332	3421
333	3210
334	2996
335	2848
336	2722
337	2632
338	2587
339	2545
340	2519
341	2504
342	2507
343	2509
344	2510
345	2517
346	2507
347	2502
348	2480
349	2470
350	2445
351	2422
352	2399
353	2370
354	2343
355	2326
356	2293
357	2278
358	2258
359	2244
360	2241
361	2222
362	2215
363	2184
364	2186
365	2192
366	2185
367	2171
368	2154
369	2164
370	2153
371	2159
372	2152
373	2155
374	2142
375	2142
376	2148
377	2135
378	2137
379	2133
380	2146
381	2154
382	2147
383	2143
384	2152
385	2143
386	2159
387	2163
388	2179
389	2186
390	2189
391	2183
392	2220
393	2225
394	2220
395	2219
396	2235
397	2256
398	2266
399	2270
400	2298
401	2289
402	2324
403	2363
404	2387
405	2409
406	2430
407	2456
408	2476
409	2490
410	2507
411	2507
412	2502
413	2502
414	2504
415	2499
416	2501
417	2547
418	2567
419	2618
420	2684
421	2815
422	2964
423	3157
424	3426
425	3692
426	3870
427	3909
428	3811
429	3733
430	3712
431	3787
432	3942
433	4133
434	4386
435	4662
436	5025
437	5491
438	6010
439	6451
440	6616
441	6666
442	6617
443	6645
444	6775
445	6771
446	6520
447	5969
448	5315
449	4766
450	4379
451	4248
452	4362
453	4725
454	5287
455	5890
456	6297
457	6402
458	6388
459	6552
460	7121
461	7796
462	8270
463	8584
464	9102
465	9796
466	9866
467	9312
468	8189
469	7150
470	6343
471	5465
472	4591
473	4011
474	3998
475	4288
476	4728
477	5264
478	5785
479	5965
480	5954
481	5990
482	6031
483	5912
484	5102
485	4231
486	3731
487	3377
488	3006
489	2616
490	2347
491	2204
492	2158
493	2153
494	2177
495	2200
496	2260
497	2345
498	2458
499	2493
500	2495
501	2493
502	2582
503	2803
504	3151
505	3379
506	3370
507	3094
508	2721
509	2424
510	2197
511	2113
512	2119
513	2141
514	2143
515	2100
516	2072
517	2094
518	2153
519	2235
520	2289
521	2345
522	2466
523	2764
524	3176
525	3438
526	3596
527	3933
528	4599
529	5301
530	5676
531	5706
532	5541
533	4749
534	4240
535	4357
536	4946
537	5534
538	5963
539	6568
540	7246
541	7906
542	7947
543	6989
544	5768
545	4557
546	3960
547	4107
548	4647
549	5103
550	5266
551	5230
552	4691
553	3818
554	3148
555	2619
556	2260
557	2098
558	2057
559	2096
560	2174
561	2282
562	2296
563	2323
564	2485
565	2799
566	2823
567	2787
568	2430
569	2131
570	2021
571	2026
572	2029
573	2002
574	2015
575	2103
576	2187
577	2300
578	2534
579	2905
580	3225
581	3625
582	4270
583	4966
584	5028
585	4862
586	4240
587	4120
588	4630
589	5232
590	5930
591	6764
592	6817
593	6674
594	5384
595	4204
596	3908
597	4308
598	4764
599	4889
600	4446
601	3673
602	2868
603	2360
604	2115
605	2033
606	2079
607	2167
608	2200
609	2303
610	2525
611	2705
612	2663
613	2335
614	2071
615	2000
616	1966
617	1973
618	2020
619	2099
620	2211
621	2445
622	2815
623	3206
624	3774
625	4471
626	4529
627	4470
628	4024
629	4194
630	4778
631	5519
632	6339
633	6473
634	5541
635	4299
636	3777
637	4095
638	4433
639	4397
640	3713
641	2920
642	2321
643	2042
644	2022
645	2068
646	2153
647	2239
648	2451
649	2504
650	2489
651	2144
652	1959
653	1941
654	1920
655	1969
656	2048
657	2219
658	2534
659	2943
660	3550
661	4206
662	4200
663	4112
664	3912
665	4321
666	5068
667	5897
668	6029
669	5121
670	4012
671	3751
672	4134
673	4272
674	3721
675	2868
676	2271
677	1999
678	1992
679	2047
680	2140
681	2314
682	2417
683	2392
684	2092
685	1919
686	1898
687	1913
688	1968
689	2125
690	2413
691	2808
692	3433
693	4067
694	4117
695	3877
696	3925
697	4512
698	5343
699	5349
700	4976
701	3954
702	3677
703	3988
704	3902
705	3220
706	2486
707	2055
708	1961
709	2010
710	2086
711	2271
712	2312
713	2261
714	2011
715	1894
716	1871
717	1929
718	2053
719	2285
720	2712
721	3282
722	3915
723	3949
724	3742
725	3964
726	4703
727	5396
728	5155
729	4123
730	3599
731	3810
732	3776
733	3144
734	2410
735	2015
736	1957
737	2010
738	2125
739	2337
740	2311
741	2058
742	1902
743	1857
744	1916
745	2032
746	2293
747	2714
748	3363
749	3836
750	3754
751	3689
752	4170
753	4954
754	5020
755	4166
756	3559
757	3630
758	3645
759	2976
760	2278
761	1967
762	1949
763	2060
764	2275
765	2433
