CCDOps Exported Profile Report
Image: C:\Users\George Brown\Desktop\AMJ-zeeman\WithB\90\4_5299B.FIT
Average of Rows 250 through 262
Column	Value (ADU)
1	5822
2	6321
3	6150
4	5604
5	4862
6	4777
7	4193
8	3239
9	2856
10	2589
11	2239
12	2049
13	2025
14	2106
15	2325
16	2471
17	2455
18	2243
19	2182
20	2164
21	2238
22	2593
23	3356
24	4431
25	4486
26	4452
27	5191
28	6554
29	6461
30	5692
31	4973
32	4887
33	4843
34	4104
35	3140
36	2933
37	2628
38	2281
39	2108
40	2067
41	2140
42	2265
43	2688
44	2686
45	2383
46	2255
47	2183
48	2170
49	2226
50	2678
51	3406
52	4563
53	4650
54	4637
55	4980
56	6409
57	6497
58	6403
59	5680
60	4999
61	5046
62	5002
63	4201
64	3212
65	2981
66	2780
67	2380
68	2152
69	2048
70	2086
71	2157
72	2387
73	2823
74	2739
75	2425
76	2281
77	2236
78	2184
79	2198
80	2411
81	2997
82	3899
83	4978
84	5121
85	4707
86	5040
87	6489
88	7513
89	6994
90	6219
91	5509
92	5158
93	5266
94	5221
95	4308
96	3295
97	3088
98	2986
99	2529
100	2238
101	2075
102	2057
103	2117
104	2205
105	2435
106	2897
107	2930
108	2595
109	2334
110	2309
111	2229
112	2221
113	2250
114	2437
115	3000
116	3794
117	5041
118	5177
119	5203
120	4754
121	5425
122	6946
123	7871
124	7569
125	6762
126	6146
127	5356
128	5503
129	5555
130	5481
131	4506
132	3523
133	3084
134	3213
135	2862
136	2477
137	2222
138	2100
139	2065
140	2105
141	2184
142	2275
143	2660
144	3118
145	3009
146	2682
147	2366
148	2360
149	2317
150	2265
151	2246
152	2276
153	2439
154	2934
155	3527
156	4564
157	5699
158	5774
159	5433
160	4883
161	5289
162	6553
163	8241
164	8264
165	8121
166	7136
167	6676
168	5842
169	5465
170	5986
171	6013
172	5934
173	5023
174	4008
175	3206
176	3155
177	3155
178	3040
179	2609
180	2331
181	2189
182	2100
183	2096
184	2123
185	2203
186	2258
187	2382
188	2804
189	3278
190	3315
191	2981
192	2646
193	2388
194	2398
195	2388
196	2309
197	2261
198	2252
199	2263
200	2336
201	2602
202	3100
203	3636
204	4377
205	5760
206	6320
207	6268
208	5868
209	5220
210	5008
211	5642
212	6915
213	8504
214	9595
215	9160
216	8675
217	7697
218	7141
219	6855
220	6069
221	5540
222	5958
223	6604
224	6489
225	6485
226	5893
227	4959
228	4092
229	3394
230	3032
231	3340
232	3468
233	3445
234	2990
235	2653
236	2445
237	2305
238	2222
239	2175
240	2149
241	2153
242	2191
243	2230
244	2274
245	2278
246	2347
247	2572
248	3009
249	3447
250	3504
251	3441
252	3123
253	2855
254	2575
255	2413
256	2403
257	2515
258	2503
259	2421
260	2389
261	2361
262	2351
263	2337
264	2329
265	2328
266	2359
267	2515
268	2814
269	3178
270	3509
271	3823
272	4237
273	5024
274	6216
275	6952
276	6926
277	6775
278	6730
279	6459
280	5857
281	5328
282	5080
283	4981
284	5348
285	6184
286	7176
287	8056
288	9102
289	10392
290	10769
291	10710
292	9958
293	9543
294	9290
295	8771
296	8007
297	7485
298	7560
299	7588
300	7450
301	6964
302	6318
303	5730
304	5498
305	5686
306	6212
307	6826
308	7273
309	7255
310	7100
311	6988
312	7057
313	7145
314	7066
315	6631
316	6028
317	5544
318	5068
319	4693
320	4336
321	3968
322	3640
323	3303
324	3078
325	2970
326	2936
327	3039
328	3250
329	3531
330	3774
331	4016
332	4107
333	4105
334	3905
335	3678
336	3440
337	3244
338	3023
339	2859
340	2758
341	2652
342	2598
343	2515
344	2458
345	2438
346	2414
347	2394
348	2358
349	2358
350	2332
351	2308
352	2291
353	2279
354	2255
355	2238
356	2228
357	2218
358	2212
359	2212
360	2196
361	2176
362	2157
363	2173
364	2173
365	2167
366	2164
367	2171
368	2182
369	2164
370	2159
371	2159
372	2143
373	2141
374	2140
375	2148
376	2144
377	2132
378	2142
379	2139
380	2145
381	2153
382	2154
383	2151
384	2141
385	2170
386	2178
387	2184
388	2177
389	2168
390	2193
391	2198
392	2207
393	2207
394	2197
395	2211
396	2204
397	2202
398	2215
399	2215
400	2217
401	2226
402	2243
403	2248
404	2265
405	2291
406	2330
407	2318
408	2344
409	2378
410	2401
411	2414
412	2442
413	2512
414	2545
415	2621
416	2720
417	2861
418	2993
419	3168
420	3426
421	3658
422	3918
423	4086
424	4143
425	4061
426	3843
427	3498
428	3193
429	2985
430	2874
431	2888
432	3001
433	3261
434	3565
435	3914
436	4257
437	4617
438	4967
439	5472
440	6049
441	6595
442	6948
443	6999
444	7015
445	6985
446	7084
447	7199
448	7157
449	6810
450	6103
451	5553
452	5347
453	5567
454	6115
455	6787
456	7339
457	7387
458	7299
459	7288
460	7799
461	8571
462	9054
463	9251
464	9763
465	10550
466	10668
467	10189
468	9005
469	7933
470	6943
471	6000
472	5236
473	4879
474	4837
475	5161
476	5747
477	6299
478	6535
479	6658
480	6870
481	6878
482	6094
483	4984
484	4189
485	3765
486	3472
487	3128
488	2754
489	2443
490	2311
491	2245
492	2235
493	2253
494	2255
495	2255
496	2287
497	2350
498	2450
499	2416
500	2356
501	2360
502	2497
503	2741
504	3074
505	3405
506	3434
507	3317
508	2910
509	2537
510	2313
511	2226
512	2208
513	2182
514	2127
515	2063
516	2058
517	2081
518	2110
519	2169
520	2269
521	2456
522	2809
523	3256
524	3310
525	3127
526	2958
527	3225
528	3889
529	4735
530	5568
531	6004
532	6059
533	6022
534	5487
535	5278
536	5753
537	6293
538	6675
539	7256
540	7883
541	8511
542	8608
543	7728
544	6360
545	5194
546	4688
547	4890
548	5441
549	5876
550	5875
551	5201
552	4171
553	3417
554	2894
555	2491
556	2245
557	2155
558	2119
559	2137
560	2177
561	2229
562	2229
563	2234
564	2416
565	2732
566	3002
567	2936
568	2566
569	2230
570	2104
571	2065
572	2014
573	1977
574	2004
575	2065
576	2186
577	2448
578	2852
579	2953
580	2927
581	3055
582	3712
583	4669
584	5341
585	5352
586	5247
587	4992
588	5329
589	5853
590	6541
591	7366
592	7400
593	7265
594	5944
595	4836
596	4598
597	5039
598	5154
599	5127
600	4173
601	3318
602	2682
603	2302
604	2120
605	2075
606	2103
607	2137
608	2161
609	2216
610	2471
611	2772
612	2760
613	2455
614	2148
615	2042
616	1986
617	1970
618	1991
619	2075
620	2341
621	2684
622	2863
623	2847
624	3286
625	4158
626	4931
627	4940
628	4888
629	4940
630	5392
631	6074
632	6847
633	7026
634	6083
635	4836
636	4366
637	4730
638	4762
639	4410
640	3445
641	2719
642	2253
643	2096
644	2042
645	2075
646	2100
647	2181
648	2409
649	2642
650	2595
651	2245
652	2017
653	1945
654	1906
655	1951
656	2072
657	2374
658	2676
659	2749
660	3093
661	3941
662	4644
663	4740
664	4647
665	4938
666	5606
667	6396
668	6574
669	5630
670	4533
671	4352
672	4491
673	4410
674	3505
675	2689
676	2217
677	2026
678	1993
679	2024
680	2062
681	2255
682	2486
683	2455
684	2168
685	1954
686	1895
687	1890
688	1977
689	2215
690	2531
691	2666
692	3045
693	3870
694	4503
695	4565
696	4616
697	5053
698	5798
699	5886
700	5422
701	4419
702	4212
703	4349
704	3962
705	3072
706	2370
707	2039
708	1981
709	2006
710	2037
711	2226
712	2425
713	2361
714	2083
715	1917
716	1875
717	1907
718	2112
719	2411
720	2603
721	2993
722	3739
723	4292
724	4360
725	4540
726	5175
727	5818
728	5593
729	4561
730	4093
731	4203
732	3829
733	2999
734	2324
735	2022
736	1983
737	1995
738	2115
739	2321
740	2359
741	2140
742	1951
743	1870
744	1917
745	2090
746	2386
747	2585
748	3100
749	3867
750	4219
751	4273
752	4654
753	5360
754	5471
755	4619
756	3982
757	4014
758	3690
759	2852
760	2226
761	1983
762	1960
763	2023
764	2252
765	2459
