CCDOps Exported Profile Report
Image: C:\Users\George Brown\Desktop\AMJ-zeeman\WithB\90\5_5403B.FIT
Average of Rows 250 through 262
Column	Value (ADU)
1	5763
2	6238
3	6093
4	5504
5	4775
6	4716
7	4242
8	3298
9	2884
10	2580
11	2252
12	2070
13	2019
14	2097
15	2333
16	2573
17	2480
18	2245
19	2196
20	2165
21	2254
22	2634
23	3411
24	4436
25	4480
26	4399
27	5145
28	6467
29	6369
30	5609
31	4851
32	4786
33	4841
34	4160
35	3222
36	2959
37	2629
38	2299
39	2120
40	2082
41	2121
42	2272
43	2684
44	2709
45	2393
46	2263
47	2205
48	2207
49	2276
50	2697
51	3489
52	4613
53	4651
54	4541
55	4884
56	6325
57	6407
58	6306
59	5627
60	4858
61	5030
62	5031
63	4276
64	3289
65	3011
66	2757
67	2380
68	2157
69	2054
70	2076
71	2162
72	2393
73	2816
74	2786
75	2427
76	2283
77	2235
78	2200
79	2211
80	2451
81	3044
82	3982
83	5008
84	5103
85	4623
86	4937
87	6458
88	7044
89	6944
90	6169
91	5420
92	5018
93	5302
94	5239
95	4384
96	3412
97	3087
98	2956
99	2517
100	2251
101	2101
102	2045
103	2114
104	2197
105	2427
106	2916
107	2969
108	2599
109	2356
110	2327
111	2255
112	2227
113	2237
114	2475
115	3060
116	3868
117	5075
118	5163
119	5122
120	4668
121	5337
122	6915
123	7912
124	7529
125	6638
126	6035
127	5214
128	5368
129	5588
130	5509
131	4647
132	3621
133	3147
134	3200
135	2841
136	2480
137	2241
138	2115
139	2061
140	2108
141	2168
142	2280
143	2663
144	3156
145	3038
146	2655
147	2401
148	2392
149	2329
150	2285
151	2257
152	2254
153	2457
154	2984
155	3604
156	4702
157	5666
158	5792
159	5348
160	4784
161	5165
162	6496
163	8204
164	8194
165	8054
166	7037
167	6570
168	5748
169	5276
170	5873
171	6021
172	5983
173	5149
174	4124
175	3305
176	3230
177	3319
178	2986
179	2619
180	2349
181	2202
182	2125
183	2101
184	2130
185	2207
186	2233
187	2385
188	2766
189	3288
190	3372
191	3008
192	2626
193	2404
194	2439
195	2387
196	2344
197	2273
198	2260
199	2250
200	2316
201	2644
202	3160
203	3694
204	4542
205	5844
206	6215
207	6257
208	5762
209	5109
210	4840
211	5522
212	6873
213	8441
214	9544
215	9107
216	8581
217	7571
218	7086
219	6764
220	5947
221	5334
222	5722
223	6434
224	6506
225	6505
226	6048
227	5103
228	4282
229	3521
230	3146
231	3403
232	3431
233	3390
234	2972
235	2675
236	2474
237	2338
238	2229
239	2170
240	2146
241	2147
242	2203
243	2256
244	2268
245	2273
246	2364
247	2596
248	2966
249	3422
250	3560
251	3506
252	3159
253	2848
254	2578
255	2419
256	2421
257	2520
258	2510
259	2480
260	2406
261	2380
262	2340
263	2347
264	2348
265	2303
266	2363
267	2544
268	2859
269	3243
270	3607
271	3883
272	4338
273	5243
274	6395
275	6919
276	6825
277	6760
278	6728
279	6353
280	5669
281	5187
282	4958
283	4848
284	5208
285	6118
286	7136
287	7979
288	9032
289	10342
290	10803
291	10616
292	9952
293	9472
294	9178
295	8668
296	7839
297	7403
298	7404
299	7410
300	7346
301	6814
302	6150
303	5589
304	5309
305	5413
306	5856
307	6559
308	7090
309	7229
310	7182
311	6972
312	6989
313	7103
314	7120
315	6801
316	6286
317	5738
318	5237
319	4841
320	4491
321	4168
322	3819
323	3474
324	3217
325	3070
326	3014
327	3113
328	3338
329	3571
330	3846
331	4034
332	4062
333	3966
334	3779
335	3544
336	3346
337	3146
338	2976
339	2848
340	2757
341	2706
342	2627
343	2583
344	2517
345	2481
346	2457
347	2428
348	2389
349	2373
350	2363
351	2348
352	2339
353	2317
354	2283
355	2271
356	2250
357	2239
358	2217
359	2225
360	2199
361	2184
362	2175
363	2175
364	2164
365	2174
366	2170
367	2168
368	2168
369	2156
370	2143
371	2130
372	2145
373	2145
374	2142
375	2136
376	2133
377	2123
378	2132
379	2147
380	2149
381	2147
382	2157
383	2135
384	2155
385	2159
386	2162
387	2162
388	2166
389	2179
390	2187
391	2204
392	2207
393	2194
394	2199
395	2208
396	2208
397	2226
398	2233
399	2231
400	2242
401	2252
402	2279
403	2297
404	2303
405	2318
406	2322
407	2352
408	2372
409	2409
410	2421
411	2473
412	2514
413	2558
414	2607
415	2670
416	2724
417	2828
418	2935
419	3084
420	3279
421	3534
422	3773
423	3968
424	4098
425	4081
426	3913
427	3573
428	3268
429	3056
430	2958
431	2983
432	3147
433	3421
434	3727
435	4095
436	4426
437	4771
438	5164
439	5714
440	6270
441	6783
442	7016
443	7003
444	6963
445	7021
446	7142
447	7181
448	7030
449	6509
450	5789
451	5255
452	5165
453	5419
454	6009
455	6649
456	7175
457	7226
458	7173
459	7153
460	7734
461	8480
462	8955
463	9191
464	9709
465	10470
466	10558
467	10112
468	8941
469	7843
470	6870
471	5939
472	5109
473	4715
474	4733
475	5006
476	5574
477	6186
478	6504
479	6583
480	6748
481	6816
482	6276
483	5233
484	4338
485	3836
486	3547
487	3186
488	2781
489	2513
490	2290
491	2240
492	2236
493	2260
494	2272
495	2289
496	2310
497	2383
498	2433
499	2433
500	2371
501	2367
502	2510
503	2748
504	3094
505	3459
506	3514
507	3321
508	2901
509	2519
510	2311
511	2219
512	2187
513	2176
514	2141
515	2068
516	2066
517	2076
518	2131
519	2199
520	2293
521	2468
522	2758
523	3215
524	3250
525	3180
526	3058
527	3338
528	4026
529	4894
530	5653
531	6028
532	6145
533	5851
534	5272
535	5132
536	5637
537	6247
538	6583
539	7142
540	7821
541	8467
542	8538
543	7609
544	6285
545	5074
546	4555
547	4773
548	5372
549	5785
550	5816
551	5283
552	4312
553	3513
554	2955
555	2511
556	2244
557	2151
558	2136
559	2152
560	2198
561	2236
562	2230
563	2237
564	2423
565	2776
566	3004
567	2940
568	2571
569	2250
570	2101
571	2063
572	2019
573	1972
574	2002
575	2079
576	2205
577	2440
578	2827
579	3018
580	2974
581	3142
582	3844
583	4764
584	5417
585	5505
586	5108
587	4852
588	5205
589	5767
590	6458
591	7270
592	7394
593	7267
594	5865
595	4725
596	4479
597	4939
598	5220
599	5135
600	4265
601	3394
602	2717
603	2301
604	2139
605	2090
606	2122
607	2166
608	2188
609	2235
610	2503
611	2775
612	2780
613	2449
614	2160
615	2058
616	1995
617	1967
618	2002
619	2089
620	2321
621	2675
622	2850
623	2916
624	3373
625	4254
626	4971
627	5025
628	4776
629	4828
630	5347
631	6018
632	6788
633	6952
634	6017
635	4754
636	4284
637	4648
638	4656
639	4481
640	3539
641	2760
642	2283
643	2096
644	2065
645	2091
646	2112
647	2185
648	2426
649	2676
650	2592
651	2223
652	2028
653	1967
654	1925
655	1956
656	2077
657	2376
658	2655
659	2776
660	3179
661	3989
662	4670
663	4681
664	4562
665	4857
666	5522
667	6358
668	6526
669	5565
670	4459
671	4285
672	4488
673	4458
674	3568
675	2714
676	2234
677	2035
678	2025
679	2047
680	2081
681	2262
682	2521
683	2471
684	2154
685	1978
686	1919
687	1891
688	1970
689	2212
690	2513
691	2711
692	3142
693	3928
694	4492
695	4476
696	4487
697	5028
698	5750
699	6006
700	5406
701	4347
702	4160
703	4158
704	3996
705	3104
706	2397
707	2073
708	2006
709	2013
710	2078
711	2240
712	2433
713	2362
714	2078
715	1923
716	1891
717	1927
718	2134
719	2399
720	2608
721	3054
722	3786
723	4279
724	4297
725	4454
726	5110
727	5809
728	5541
729	4539
730	4020
731	4056
732	3871
733	3057
734	2320
735	2029
736	1990
737	2009
738	2106
739	2325
740	2382
741	2141
742	1945
743	1860
744	1910
745	2100
746	2394
747	2621
748	3148
749	3908
750	4149
751	4169
752	4617
753	5349
754	5427
755	4561
756	3943
757	3997
758	3719
759	2886
760	2239
761	1990
762	1987
763	2041
764	2261
765	2467
