CCDOps Exported Profile Report
Image: C:\Users\George Brown\Desktop\AMJ-zeeman\WithB\90\8_5700B.FIT
Average of Rows 250 through 262
Column	Value (ADU)
1	5498
2	5761
3	5777
4	5147
5	4374
6	4430
7	4227
8	3428
9	2912
10	2525
11	2225
12	2045
13	2023
14	2066
15	2294
16	2527
17	2464
18	2269
19	2200
20	2160
21	2237
22	2684
23	3506
24	4380
25	4409
26	4078
27	4869
28	6185
29	6080
30	5300
31	4498
32	4391
33	4371
34	4247
35	3372
36	2946
37	2541
38	2270
39	2108
40	2056
41	2088
42	2234
43	2635
44	2714
45	2407
46	2270
47	2210
48	2162
49	2265
50	2765
51	3647
52	4535
53	4643
54	4189
55	4621
56	6060
57	6113
58	5977
59	5217
60	4476
61	4639
62	4632
63	4391
64	3469
65	3054
66	2660
67	2343
68	2144
69	2062
70	2083
71	2128
72	2371
73	2795
74	2756
75	2420
76	2301
77	2241
78	2181
79	2192
80	2503
81	3115
82	4156
83	4851
84	4803
85	4279
86	4674
87	6136
88	6774
89	6634
90	5781
91	5046
92	4492
93	4980
94	5109
95	4529
96	3583
97	3146
98	2826
99	2463
100	2256
101	2093
102	2049
103	2087
104	2128
105	2380
106	2856
107	2950
108	2576
109	2381
110	2336
111	2254
112	2199
113	2229
114	2507
115	3137
116	4106
117	5021
118	5131
119	4737
120	4304
121	5020
122	6603
123	7506
124	7161
125	6276
126	5632
127	4774
128	4761
129	5343
130	5415
131	4802
132	3859
133	3338
134	3097
135	2712
136	2445
137	2240
138	2094
139	2065
140	2102
141	2127
142	2247
143	2608
144	3101
145	3029
146	2680
147	2426
148	2406
149	2339
150	2277
151	2217
152	2261
153	2502
154	3064
155	3780
156	4947
157	5456
158	5519
159	4907
160	4402
161	4852
162	6195
163	7841
164	7881
165	7626
166	6614
167	6131
168	5277
169	4699
170	5205
171	5783
172	5806
173	5340
174	4399
175	3626
176	3388
177	3204
178	2784
179	2552
180	2367
181	2207
182	2113
183	2103
184	2126
185	2150
186	2192
187	2337
188	2715
189	3212
190	3229
191	2990
192	2613
193	2419
194	2437
195	2421
196	2335
197	2271
198	2237
199	2223
200	2351
201	2735
202	3284
203	3840
204	4921
205	5762
206	5868
207	5874
208	5270
209	4671
210	4386
211	5211
212	6514
213	8023
214	9050
215	8671
216	8185
217	7191
218	6609
219	6287
220	5493
221	4792
222	4937
223	5775
224	6203
225	6220
226	6127
227	5401
228	4608
229	3898
230	3438
231	3479
232	3442
233	3081
234	2789
235	2627
236	2508
237	2373
238	2255
239	2179
240	2128
241	2164
242	2190
243	2204
244	2206
245	2220
246	2319
247	2534
248	2878
249	3308
250	3601
251	3551
252	3169
253	2832
254	2571
255	2435
256	2486
257	2556
258	2547
259	2498
260	2422
261	2365
262	2331
263	2311
264	2254
265	2291
266	2386
267	2606
268	2962
269	3384
270	3709
271	4055
272	4807
273	5818
274	6502
275	6399
276	6313
277	6383
278	6328
279	5709
280	5164
281	4735
282	4404
283	4315
284	4821
285	5835
286	6782
287	7584
288	8608
289	9807
290	10313
291	10241
292	9487
293	9071
294	8808
295	8246
296	7451
297	6982
298	6863
299	6877
300	6780
301	6337
302	5729
303	5119
304	4793
305	4701
306	4867
307	5377
308	6106
309	6716
310	6954
311	6910
312	6795
313	6803
314	6864
315	6840
316	6635
317	6218
318	5715
319	5237
320	4865
321	4511
322	4198
323	3917
324	3666
325	3482
326	3393
327	3439
328	3570
329	3737
330	3784
331	3804
332	3714
333	3526
334	3320
335	3129
336	2961
337	2810
338	2728
339	2694
340	2650
341	2631
342	2623
343	2601
344	2584
345	2586
346	2539
347	2519
348	2472
349	2453
350	2417
351	2380
352	2351
353	2345
354	2312
355	2301
356	2288
357	2257
358	2258
359	2260
360	2237
361	2209
362	2195
363	2192
364	2165
365	2157
366	2152
367	2124
368	2131
369	2105
370	2102
371	2118
372	2110
373	2100
374	2095
375	2103
376	2090
377	2094
378	2103
379	2105
380	2082
381	2112
382	2102
383	2109
384	2117
385	2128
386	2122
387	2136
388	2161
389	2177
390	2171
391	2191
392	2184
393	2209
394	2210
395	2232
396	2242
397	2259
398	2292
399	2293
400	2294
401	2305
402	2310
403	2316
404	2367
405	2364
406	2387
407	2423
408	2459
409	2485
410	2538
411	2566
412	2574
413	2594
414	2602
415	2632
416	2636
417	2675
418	2719
419	2804
420	2929
421	3099
422	3297
423	3510
424	3725
425	3878
426	3874
427	3743
428	3532
429	3367
430	3314
431	3414
432	3600
433	3873
434	4171
435	4413
436	4745
437	5171
438	5707
439	6217
440	6616
441	6751
442	6763
443	6717
444	6804
445	6927
446	6910
447	6578
448	6044
449	5382
450	4817
451	4555
452	4643
453	4992
454	5570
455	6218
456	6679
457	6755
458	6671
459	6794
460	7306
461	8091
462	8537
463	8821
464	9323
465	10057
466	10165
467	9581
468	8457
469	7444
470	6564
471	5609
472	4708
473	4239
474	4294
475	4573
476	5014
477	5675
478	6156
479	6228
480	6233
481	6323
482	6308
483	5710
484	4741
485	4011
486	3618
487	3319
488	2897
489	2541
490	2291
491	2203
492	2181
493	2204
494	2239
495	2271
496	2291
497	2402
498	2482
499	2467
500	2424
501	2403
502	2511
503	2743
504	3120
505	3485
506	3493
507	3236
508	2793
509	2470
510	2247
511	2150
512	2144
513	2146
514	2145
515	2083
516	2046
517	2072
518	2133
519	2236
520	2333
521	2439
522	2615
523	2938
524	3228
525	3284
526	3335
527	3681
528	4368
529	5168
530	5679
531	5845
532	5825
533	5216
534	4631
535	4634
536	5204
537	5817
538	6243
539	6814
540	7452
541	8115
542	8145
543	7274
544	5948
545	4738
546	4180
547	4377
548	4965
549	5404
550	5469
551	5350
552	4534
553	3675
554	3026
555	2558
556	2240
557	2121
558	2098
559	2167
560	2220
561	2251
562	2271
563	2273
564	2449
565	2810
566	2888
567	2882
568	2478
569	2174
570	2059
571	2035
572	2015
573	1990
574	2012
575	2104
576	2193
577	2369
578	2669
579	2977
580	3118
581	3430
582	4138
583	4917
584	5228
585	5155
586	4586
587	4392
588	4848
589	5427
590	6143
591	6971
592	7051
593	6859
594	5528
595	4365
596	4139
597	4587
598	4997
599	5000
600	4392
601	3551
602	2788
603	2328
604	2125
605	2087
606	2119
607	2178
608	2192
609	2270
610	2501
611	2796
612	2729
613	2374
614	2086
615	2011
616	1978
617	1958
618	2007
619	2098
620	2266
621	2551
622	2824
623	3078
624	3619
625	4420
626	4796
627	4705
628	4336
629	4411
630	5012
631	5736
632	6557
633	6659
634	5728
635	4458
636	3978
637	4337
638	4422
639	4420
640	3639
641	2826
642	2287
643	2077
644	2023
645	2092
646	2140
647	2202
648	2444
649	2573
650	2539
651	2188
652	1979
653	1944
654	1919
655	1954
656	2087
657	2313
658	2591
659	2872
660	3395
661	4138
662	4399
663	4324
664	4148
665	4530
666	5244
667	6060
668	6241
669	5257
670	4150
671	3944
672	4347
673	4340
674	3645
675	2820
676	2249
677	2018
678	2016
679	2033
680	2111
681	2278
682	2443
683	2420
684	2134
685	1951
686	1886
687	1889
688	1982
689	2164
690	2449
691	2765
692	3304
693	4034
694	4176
695	4145
696	4115
697	4718
698	5546
699	5756
700	5117
701	4071
702	3853
703	3974
704	3941
705	3161
706	2444
707	2068
708	1969
709	2008
710	2065
711	2262
712	2329
713	2316
714	2032
715	1891
716	1873
717	1909
718	2084
719	2346
720	2666
721	3212
722	3902
723	4019
724	3958
725	4160
726	4863
727	5459
728	5263
729	4237
730	3784
731	3855
732	3827
733	3078
734	2367
735	2026
736	1978
737	2003
738	2121
739	2345
740	2350
741	2087
742	1912
743	1863
744	1909
745	2073
746	2331
747	2689
748	3294
749	3871
750	3890
751	3877
752	4333
753	5098
754	5205
755	4305
756	3716
757	3735
758	3668
759	2941
760	2253
761	1995
762	1982
763	2063
764	2272
765	2458
