CCDOps Exported Profile Report
Image: 
Average of Rows 236 through 262
Column	Value (ADU)
1	1289
2	1285
3	1281
4	1267
5	1264
6	1255
7	1258
8	1260
9	1258
10	1272
11	1275
12	1285
13	1296
14	1321
15	1404
16	1532
17	1691
18	1754
19	1707
20	1586
21	1454
22	1353
23	1289
24	1260
25	1247
26	1251
27	1261
28	1271
29	1279
30	1274
31	1253
32	1254
33	1253
34	1251
35	1255
36	1257
37	1256
38	1267
39	1266
40	1266
41	1273
42	1299
43	1361
44	1474
45	1626
46	1773
47	1792
48	1690
49	1554
50	1435
51	1335
52	1282
53	1257
54	1245
55	1238
56	1244
57	1257
58	1280
59	1271
60	1271
61	1246
62	1243
63	1243
64	1237
65	1249
66	1250
67	1245
68	1253
69	1254
70	1269
71	1263
72	1271
73	1299
74	1343
75	1449
76	1613
77	1791
78	1852
79	1799
80	1671
81	1525
82	1403
83	1312
84	1266
85	1245
86	1239
87	1231
88	1235
89	1242
90	1271
91	1278
92	1272
93	1262
94	1243
95	1240
96	1238
97	1243
98	1245
99	1244
100	1247
101	1244
102	1312
103	1261
104	1258
105	1261
106	1261
107	1282
108	1297
109	1357
110	1484
111	1664
112	1846
113	1929
114	1880
115	1748
116	1602
117	1465
118	1371
119	1296
120	1254
121	1239
122	1229
123	1224
124	1227
125	1237
126	1256
127	1272
128	1282
129	1277
130	1260
131	1246
132	1227
133	1224
134	1228
135	1242
136	1245
137	1252
138	1238
139	1238
140	1238
141	1250
142	1256
143	1259
144	1257
145	1255
146	1267
147	1269
148	1299
149	1354
150	1462
151	1667
152	1861
153	2021
154	2063
155	1963
156	1811
157	1658
158	1537
159	1418
160	1326
161	1275
162	1251
163	1231
164	1229
165	1227
166	1225
167	1220
168	1232
169	1235
170	1262
171	1288
172	1289
173	1287
174	1270
175	1243
176	1228
177	1219
178	1222
179	1226
180	1232
181	1242
182	1249
183	1248
184	1237
185	1226
186	1233
187	1240
188	1254
189	1262
190	1263
191	1256
192	1246
193	1244
194	1250
195	1253
196	1264
197	1290
198	1343
199	1428
200	1579
201	1778
202	2010
203	2156
204	2190
205	2136
206	2005
207	1851
208	1724
209	1609
210	1502
211	1402
212	1327
213	1271
214	1246
215	1224
216	1225
217	1213
218	1214
219	1212
220	1212
221	1214
222	1211
223	1224
224	1221
225	1236
226	1264
227	1290
228	1297
229	1311
230	1290
231	1280
232	1245
233	1229
234	1215
235	1208
236	1211
237	1210
238	1207
239	1220
240	1230
241	1241
242	1246
243	1248
244	1245
245	1233
246	1228
247	1212
248	1215
249	1218
250	1228
251	1239
252	1255
253	1265
254	1268
255	1265
256	1256
257	1246
258	1241
259	1231
260	1232
261	1242
262	1246
263	1243
264	1249
265	1251
266	1255
267	1276
268	1302
269	1358
270	1425
271	1519
272	1646
273	1821
274	2003
275	2166
276	2255
277	2316
278	2343
279	2323
280	2220
281	2113
282	2036
283	1953
284	1861
285	1765
286	1690
287	1639
288	1597
289	1534
290	1479
291	1418
292	1366
293	1317
294	1278
295	1259
296	1243
297	1237
298	1229
299	1224
300	1217
301	1213
302	1216
303	1209
304	1214
305	1211
306	1206
307	1209
308	1208
309	1203
310	1222
311	1214
312	1203
313	1203
314	1201
315	1206
316	1200
317	1205
318	1209
319	1205
320	1207
321	1212
322	1215
323	1213
324	1219
325	1225
326	1229
327	1235
328	1240
329	1252
330	1264
331	1290
332	1297
333	1302
334	1309
335	1307
336	1309
337	1311
338	1306
339	1308
340	1302
341	1305
342	1316
343	1315
344	1313
345	1321
346	1308
347	1302
348	1300
349	1295
350	1286
351	1288
352	1276
353	1267
354	1261
355	1252
356	1249
357	1248
358	1241
359	1242
360	1233
361	1230
362	1231
363	1225
364	1226
365	1226
366	1226
367	1222
368	1221
369	1220
370	1223
371	1223
372	1222
373	1218
374	1218
375	1224
376	1221
377	1226
378	1224
379	1229
380	1231
381	1231
382	1242
383	1242
384	1242
385	1250
386	1254
387	1269
388	1269
389	1269
390	1277
391	1280
392	1295
393	1291
394	1302
395	1304
396	1303
397	1309
398	1308
399	1303
400	1305
401	1303
402	1306
403	1303
404	1307
405	1307
406	1309
407	1297
408	1297
409	1289
410	1276
411	1262
412	1255
413	1244
414	1231
415	1225
416	1220
417	1223
418	1215
419	1208
420	1206
421	1209
422	1200
423	1205
424	1197
425	1201
426	1201
427	1194
428	1192
429	1199
430	1198
431	1199
432	1195
433	1208
434	1199
435	1193
436	1200
437	1201
438	1202
439	1203
440	1209
441	1210
442	1206
443	1219
444	1223
445	1233
446	1250
447	1266
448	1292
449	1336
450	1376
451	1425
452	1472
453	1527
454	1566
455	1627
456	1686
457	1753
458	1822
459	1901
460	1980
461	2052
462	2112
463	2142
464	2138
465	2082
466	2007
467	1888
468	1758
469	1625
470	1513
471	1423
472	1356
473	1309
474	1276
475	1252
476	1233
477	1235
478	1229
479	1232
480	1225
481	1223
482	1216
483	1221
484	1223
485	1229
486	1241
487	1242
488	1237
489	1229
490	1220
491	1215
492	1204
493	1204
494	1214
495	1205
496	1211
497	1218
498	1219
499	1223
500	1215
501	1211
502	1203
503	1197
504	1195
505	1194
506	1195
507	1202
508	1202
509	1221
510	1233
511	1250
512	1257
513	1259
514	1262
515	1246
516	1233
517	1218
518	1206
519	1204
520	1189
521	1198
522	1198
523	1193
524	1193
525	1208
526	1203
527	1216
528	1233
529	1270
530	1319
531	1383
532	1453
533	1539
534	1631
535	1731
536	1840
537	1892
538	1887
539	1818
540	1703
541	1553
542	1420
543	1339
544	1286
545	1258
546	1239
547	1226
548	1227
549	1215
550	1216
551	1215
552	1231
553	1225
554	1213
555	1207
556	1210
557	1209
558	1216
559	1211
560	1205
561	1210
562	1207
563	1194
564	1189
565	1195
566	1206
567	1217
568	1229
569	1246
570	1240
571	1231
572	1220
573	1214
574	1198
575	1203
576	1194
577	1206
578	1198
579	1209
580	1221
581	1247
582	1293
583	1359
584	1456
585	1556
586	1660
587	1729
588	1755
589	1714
590	1585
591	1462
592	1352
593	1286
594	1252
595	1232
596	1223
597	1213
598	1225
599	1220
600	1216
601	1212
602	1201
603	1202
604	1207
605	1203
606	1211
607	1203
608	1201
609	1195
610	1198
611	1204
612	1227
613	1230
614	1233
615	1223
616	1209
617	1202
618	1199
619	1205
620	1204
621	1207
622	1223
623	1254
624	1315
625	1387
626	1498
627	1595
628	1674
629	1664
630	1589
631	1471
632	1360
633	1286
634	1254
635	1232
636	1216
637	1218
638	1217
639	1215
640	1211
641	1206
642	1208
643	1206
644	1207
645	1201
646	1201
647	1198
648	1205
649	1217
650	1227
651	1233
652	1218
653	1204
654	1190
655	1196
656	1196
657	1211
658	1232
659	1259
660	1327
661	1410
662	1510
663	1587
664	1605
665	1553
666	1438
667	1339
668	1274
669	1243
670	1229
671	1216
672	1218
673	1212
674	1204
675	1207
676	1198
677	1198
678	1210
679	1201
680	1194
681	1205
682	1214
683	1218
684	1220
685	1205
686	1199
687	1205
688	1201
689	1212
690	1227
691	1279
692	1361
693	1447
694	1535
695	1583
696	1549
697	1445
698	1339
699	1282
700	1234
701	1223
702	1212
703	1217
704	1207
705	1203
706	1199
707	1202
708	1196
709	1194
710	1197
711	1209
712	1215
713	1222
714	1211
715	1203
716	1204
717	1197
718	1212
719	1238
720	1277
721	1346
722	1449
723	1516
724	1547
725	1474
726	1367
727	1286
728	1244
729	1235
730	1218
731	1212
732	1208
733	1210
734	1198
735	1201
736	1192
737	1193
738	1211
739	1212
740	1213
741	1218
742	1210
743	1201
744	1200
745	1214
746	1265
747	1288
748	1371
749	1464
750	1519
751	1488
752	1403
753	1307
754	1260
755	1233
756	1217
757	1215
758	1205
759	1205
760	1207
761	1202
762	1198
763	1203
764	1209
765	1217
