CCDOps Exported Profile Report
Image: C:\Users\George Brown\Desktop\AMJ-zeeman\WithB\180\8_B0899.FIT
Average of Rows 236 through 262
Column	Value (ADU)
1	1848
2	1850
3	1782
4	1680
5	1552
6	1448
7	1390
8	1362
9	1340
10	1341
11	1346
12	1355
13	1397
14	1443
15	1489
16	1577
17	1703
18	1805
19	1839
20	1759
21	1674
22	1608
23	1570
24	1531
25	1536
26	1595
27	1721
28	1840
29	1858
30	1771
31	1662
32	1550
33	1454
34	1396
35	1352
36	1336
37	1337
38	1335
39	1337
40	1359
41	1406
42	1450
43	1499
44	1585
45	1690
46	1814
47	1871
48	1790
49	1698
50	1635
51	1578
52	1556
53	1537
54	1540
55	1598
56	1757
57	1881
58	1899
59	1820
60	1729
61	1603
62	1496
63	1413
64	1377
65	1338
66	1333
67	1327
68	1323
69	1333
70	1353
71	1391
72	1434
73	1473
74	1533
75	1646
76	1760
77	1883
78	1931
79	1843
80	1745
81	1669
82	1626
83	1586
84	1552
85	1528
86	1558
87	1642
88	1801
89	1946
90	1959
91	1889
92	1772
93	1656
94	1546
95	1457
96	1400
97	1353
98	1342
99	1328
100	1323
101	1323
102	1390
103	1340
104	1376
105	1422
106	1459
107	1496
108	1563
109	1661
110	1794
111	1897
112	1971
113	1954
114	1827
115	1721
116	1663
117	1638
118	1595
119	1562
120	1529
121	1531
122	1563
123	1693
124	1873
125	2021
126	2031
127	1949
128	1851
129	1727
130	1617
131	1521
132	1455
133	1394
134	1364
135	1340
136	1329
137	1321
138	1330
139	1317
140	1317
141	1333
142	1359
143	1410
144	1450
145	1476
146	1496
147	1557
148	1656
149	1776
150	1900
151	2005
152	2063
153	1984
154	1867
155	1754
156	1691
157	1661
158	1645
159	1599
160	1562
161	1535
162	1529
163	1540
164	1605
165	1754
166	1957
167	2088
168	2086
169	2040
170	1947
171	1848
172	1740
173	1641
174	1560
175	1485
176	1429
177	1378
178	1351
179	1337
180	1331
181	1326
182	1327
183	1319
184	1312
185	1313
186	1329
187	1323
188	1366
189	1412
190	1452
191	1456
192	1468
193	1497
194	1551
195	1649
196	1735
197	1831
198	1945
199	2053
200	2127
201	2114
202	1982
203	1877
204	1773
205	1693
206	1678
207	1683
208	1664
209	1625
210	1596
211	1573
212	1545
213	1509
214	1503
215	1533
216	1597
217	1732
218	1902
219	2115
220	2218
221	2211
222	2176
223	2093
224	2008
225	1929
226	1824
227	1739
228	1660
229	1592
230	1529
231	1478
232	1433
233	1395
234	1379
235	1352
236	1335
237	1328
238	1320
239	1316
240	1327
241	1322
242	1323
243	1304
244	1305
245	1306
246	1314
247	1317
248	1326
249	1345
250	1383
251	1435
252	1469
253	1477
254	1483
255	1467
256	1468
257	1499
258	1530
259	1584
260	1637
261	1738
262	1792
263	1853
264	1923
265	2027
266	2080
267	2165
268	2259
269	2309
270	2189
271	2044
272	1995
273	1937
274	1852
275	1767
276	1737
277	1717
278	1692
279	1708
280	1746
281	1735
282	1684
283	1651
284	1631
285	1629
286	1601
287	1585
288	1567
289	1545
290	1538
291	1518
292	1505
293	1502
294	1517
295	1525
296	1555
297	1608
298	1664
299	1730
300	1836
301	1961
302	2117
303	2262
304	2336
305	2339
306	2307
307	2297
308	2316
309	2303
310	2285
311	2207
312	2141
313	2100
314	2087
315	2058
316	2022
317	1993
318	1942
319	1897
320	1870
321	1828
322	1806
323	1786
324	1739
325	1703
326	1671
327	1636
328	1607
329	1591
330	1575
331	1564
332	1544
333	1526
334	1505
335	1486
336	1464
337	1445
338	1441
339	1426
340	1407
341	1406
342	1404
343	1393
344	1387
345	1390
346	1380
347	1370
348	1360
349	1358
350	1358
351	1364
352	1356
353	1350
354	1337
355	1344
356	1344
357	1337
358	1333
359	1339
360	1332
361	1336
362	1323
363	1334
364	1327
365	1332
366	1329
367	1322
368	1328
369	1327
370	1320
371	1319
372	1326
373	1323
374	1321
375	1323
376	1323
377	1327
378	1325
379	1322
380	1327
381	1324
382	1326
383	1323
384	1327
385	1327
386	1341
387	1334
388	1336
389	1338
390	1335
391	1336
392	1337
393	1338
394	1341
395	1341
396	1345
397	1355
398	1360
399	1357
400	1352
401	1362
402	1357
403	1375
404	1375
405	1378
406	1382
407	1387
408	1394
409	1402
410	1397
411	1409
412	1429
413	1439
414	1463
415	1482
416	1491
417	1516
418	1531
419	1560
420	1564
421	1587
422	1598
423	1627
424	1656
425	1688
426	1721
427	1749
428	1784
429	1814
430	1848
431	1894
432	1928
433	1969
434	2002
435	2022
436	2055
437	2073
438	2125
439	2177
440	2226
441	2248
442	2252
443	2267
444	2262
445	2275
446	2265
447	2182
448	2054
449	1926
450	1823
451	1725
452	1656
453	1586
454	1544
455	1515
456	1503
457	1488
458	1490
459	1493
460	1504
461	1513
462	1527
463	1547
464	1560
465	1588
466	1591
467	1610
468	1633
469	1658
470	1670
471	1667
472	1655
473	1676
474	1692
475	1740
476	1794
477	1854
478	1925
479	1995
480	2097
481	2158
482	2145
483	2087
484	2026
485	1958
486	1885
487	1821
488	1769
489	1705
490	1638
491	1568
492	1514
493	1480
494	1463
495	1443
496	1443
497	1442
498	1437
499	1401
500	1361
501	1339
502	1314
503	1303
504	1302
505	1299
506	1289
507	1289
508	1297
509	1296
510	1292
511	1304
512	1306
513	1304
514	1315
515	1318
516	1339
517	1355
518	1387
519	1416
520	1456
521	1512
522	1565
523	1630
524	1710
525	1781
526	1849
527	1908
528	1982
529	2033
530	2011
531	1960
532	1836
533	1686
534	1588
535	1505
536	1475
537	1465
538	1469
539	1488
540	1508
541	1529
542	1560
543	1579
544	1601
545	1619
546	1670
547	1735
548	1834
549	1927
550	1954
551	1914
552	1841
553	1754
554	1678
555	1598
556	1517
557	1463
558	1425
559	1417
560	1400
561	1367
562	1340
563	1315
564	1293
565	1284
566	1283
567	1288
568	1283
569	1292
570	1291
571	1291
572	1309
573	1327
574	1351
575	1395
576	1444
577	1515
578	1592
579	1667
580	1760
581	1831
582	1903
583	1916
584	1822
585	1690
586	1566
587	1482
588	1449
589	1450
590	1472
591	1500
592	1525
593	1551
594	1571
595	1616
596	1688
597	1773
598	1845
599	1838
600	1771
601	1676
602	1590
603	1510
604	1442
605	1413
606	1392
607	1369
608	1336
609	1300
610	1297
611	1282
612	1282
613	1284
614	1283
615	1288
616	1299
617	1329
618	1369
619	1414
620	1484
621	1574
622	1647
623	1738
624	1812
625	1834
626	1764
627	1625
628	1514
629	1459
630	1447
631	1447
632	1476
633	1510
634	1540
635	1584
636	1641
637	1746
638	1792
639	1764
640	1672
641	1588
642	1495
643	1438
644	1401
645	1370
646	1329
647	1301
648	1278
649	1277
650	1284
651	1283
652	1286
653	1287
654	1312
655	1359
656	1410
657	1484
658	1576
659	1667
660	1743
661	1768
662	1685
663	1563
664	1472
665	1426
666	1432
667	1450
668	1486
669	1514
670	1564
671	1636
672	1711
673	1707
674	1652
675	1564
676	1466
677	1413
678	1386
679	1348
680	1317
681	1286
682	1273
683	1271
684	1283
685	1274
686	1292
687	1315
688	1365
689	1435
690	1521
691	1613
692	1702
693	1717
694	1644
695	1532
696	1448
697	1427
698	1427
699	1448
700	1484
701	1539
702	1605
703	1669
704	1677
705	1595
706	1502
707	1437
708	1385
709	1353
710	1317
711	1287
712	1278
713	1272
714	1268
715	1269
716	1284
717	1327
718	1395
719	1472
720	1550
721	1646
722	1674
723	1604
724	1502
725	1429
726	1415
727	1420
728	1463
729	1500
730	1553
731	1632
732	1637
733	1583
734	1492
735	1409
736	1369
737	1336
738	1305
739	1279
740	1268
741	1270
742	1278
743	1282
744	1313
745	1368
746	1465
747	1542
748	1628
749	1632
750	1560
751	1467
752	1413
753	1411
754	1427
755	1451
756	1513
757	1586
758	1617
759	1574
760	1482
761	1413
762	1367
763	1333
764	1303
765	1284
